10 0.974 0.018 0.008 
20 0.974 0.018 0.008 
30 0.976 0.016 0.008 
40 0.982 0.01 0.008 
50 0.98 0.012 0.008 
60 0.982 0.01 0.008 
70 0.983 0.009 0.008 
80 0.983 0.009 0.008 
90 0.984 0.008 0.008 
100 0.984 0.009 0.007 
110 0.984 0.008 0.008 
120 0.984 0.009 0.007 
130 0.985 0.007 0.008 
140 0.984 0.008 0.008 
150 0.984 0.008 0.008 
160 0.986 0.006 0.008 
170 0.986 0.006 0.008 
180 0.985 0.008 0.007 
190 0.986 0.006 0.008 
200 0.983 0.007 0.01 
210 0.983 0.007 0.01 
220 0.983 0.008 0.009 
230 0.982 0.01 0.008 
240 0.983 0.008 0.009 
250 0.982 0.01 0.008 
260 0.982 0.01 0.008 
270 0.982 0.01 0.008 
280 0.982 0.009 0.009 
290 0.982 0.01 0.008 
300 0.983 0.009 0.008 
310 0.982 0.01 0.008 
320 0.982 0.01 0.008 
330 0.982 0.009 0.009 
340 0.982 0.008 0.01 
350 0.982 0.009 0.009 
360 0.982 0.01 0.008 
370 0.982 0.009 0.009 
380 0.982 0.008 0.01 
390 0.983 0.007 0.01 
400 0.982 0.008 0.01 
410 0.982 0.008 0.01 
420 0.982 0.008 0.01 
430 0.982 0.008 0.01 
440 0.982 0.009 0.009 
450 0.982 0.009 0.009 
460 0.982 0.008 0.01 
470 0.982 0.008 0.01 
480 0.982 0.008 0.01 
490 0.982 0.009 0.009 
500 0.981 0.01 0.009 
510 0.983 0.007 0.01 
520 0.981 0.009 0.01 
530 0.981 0.009 0.01 
540 0.981 0.009 0.01 
550 0.981 0.009 0.01 
560 0.981 0.01 0.009 
570 0.982 0.01 0.008 
580 0.981 0.011 0.008 
590 0.981 0.011 0.008 
600 0.982 0.01 0.008 
610 0.982 0.01 0.008 
620 0.983 0.01 0.007 
630 0.983 0.01 0.007 
640 0.983 0.01 0.007 
650 0.983 0.01 0.007 
660 0.982 0.011 0.007 
670 0.982 0.011 0.007 
680 0.982 0.01 0.008 
690 0.982 0.01 0.008 
700 0.982 0.01 0.008 
710 0.982 0.011 0.007 
720 0.982 0.011 0.007 
730 0.982 0.011 0.007 
740 0.982 0.011 0.007 
750 0.982 0.011 0.007 
760 0.982 0.011 0.007 
770 0.982 0.011 0.007 
780 0.982 0.011 0.007 
790 0.982 0.011 0.007 
800 0.982 0.011 0.007 
810 0.982 0.011 0.007 
820 0.982 0.011 0.007 
830 0.982 0.011 0.007 
840 0.982 0.011 0.007 
850 0.984 0.009 0.007 
860 0.983 0.01 0.007 
870 0.983 0.01 0.007 
880 0.983 0.01 0.007 
890 0.983 0.01 0.007 
900 0.982 0.011 0.007 
910 0.981 0.012 0.007 
920 0.983 0.009 0.008 
930 0.982 0.011 0.007 
940 0.982 0.011 0.007 
950 0.982 0.011 0.007 
960 0.984 0.008 0.008 
970 0.984 0.008 0.008 
980 0.984 0.009 0.007 
990 0.984 0.008 0.008 
1000 0.983 0.01 0.007 
