10 0.9924 0.0257 0.0076 
20 0.9968 0.0315 0.0032 
30 0.9968 0.0262 0.0032 
40 0.9968 0.0262 0.0032 
50 0.9963 0.0213 0.0037 
60 0.9961 0.0201 0.0039 
70 0.9955 0.017 0.0045 
80 0.9956 0.0187 0.0044 
90 0.9941 0.0139 0.0059 
100 0.994 0.0132 0.006 
110 0.9946 0.0145 0.0054 
120 0.9947 0.0139 0.0053 
130 0.9943 0.0136 0.0057 
140 0.9942 0.0132 0.0058 
150 0.9936 0.0126 0.0064 
160 0.9936 0.0126 0.0064 
170 0.9941 0.0121 0.0059 
180 0.9932 0.0113 0.0068 
190 0.9926 0.0102 0.0074 
200 0.9925 0.0098 0.0075 
210 0.9925 0.0098 0.0075 
220 0.9928 0.0099 0.0072 
230 0.9928 0.0099 0.0072 
240 0.9928 0.0099 0.0072 
250 0.9928 0.0099 0.0072 
260 0.9928 0.0099 0.0072 
270 0.9928 0.0099 0.0072 
280 0.9928 0.0099 0.0072 
290 0.9928 0.0099 0.0072 
300 0.9931 0.0103 0.0069 
310 0.9928 0.0094 0.0072 
320 0.9928 0.0094 0.0072 
330 0.9928 0.0094 0.0072 
340 0.9928 0.0094 0.0072 
350 0.9928 0.0094 0.0072 
360 0.9928 0.0094 0.0072 
370 0.9928 0.0094 0.0072 
380 0.9928 0.0094 0.0072 
390 0.9928 0.0094 0.0072 
400 0.993 0.0097 0.007 
410 0.9927 0.0092 0.0073 
420 0.9927 0.0092 0.0073 
430 0.9927 0.0092 0.0073 
440 0.9921 0.0092 0.0079 
450 0.9921 0.0092 0.0079 
460 0.9921 0.0092 0.0079 
470 0.9925 0.0086 0.0075 
480 0.9925 0.0086 0.0075 
490 0.9925 0.0086 0.0075 
500 0.9925 0.0086 0.0075 
510 0.9925 0.0086 0.0075 
520 0.9925 0.0086 0.0075 
530 0.9925 0.0086 0.0075 
540 0.9925 0.0086 0.0075 
550 0.9925 0.0086 0.0075 
560 0.9925 0.0086 0.0075 
570 0.9925 0.0086 0.0075 
580 0.9925 0.0086 0.0075 
590 0.9925 0.0086 0.0075 
600 0.9925 0.0086 0.0075 
610 0.9925 0.0086 0.0075 
620 0.9925 0.0086 0.0075 
630 0.9925 0.0086 0.0075 
640 0.9925 0.0086 0.0075 
650 0.9925 0.0086 0.0075 
660 0.9925 0.0086 0.0075 
670 0.9925 0.0086 0.0075 
680 0.9925 0.0086 0.0075 
690 0.9925 0.0086 0.0075 
700 0.9925 0.0086 0.0075 
710 0.9925 0.0086 0.0075 
720 0.9925 0.0086 0.0075 
730 0.9925 0.0084 0.0075 
740 0.9925 0.0084 0.0075 
750 0.9925 0.0084 0.0075 
760 0.9924 0.0085 0.0076 
770 0.9924 0.0085 0.0076 
780 0.9924 0.0085 0.0076 
790 0.9924 0.0085 0.0076 
800 0.9924 0.0085 0.0076 
810 0.9924 0.0085 0.0076 
820 0.9924 0.0085 0.0076 
830 0.9924 0.0085 0.0076 
840 0.9916 0.0084 0.0084 
850 0.9916 0.0086 0.0084 
860 0.9926 0.0085 0.0074 
870 0.9924 0.0082 0.0076 
880 0.9924 0.0082 0.0076 
890 0.9924 0.0082 0.0076 
900 0.9924 0.0082 0.0076 
910 0.9924 0.0082 0.0076 
920 0.9924 0.0082 0.0076 
930 0.9924 0.0082 0.0076 
940 0.9924 0.0082 0.0076 
950 0.9924 0.0082 0.0076 
960 0.9924 0.0082 0.0076 
970 0.9924 0.0082 0.0076 
980 0.9914 0.0085 0.0086 
990 0.9926 0.0084 0.0074 
1000 0.9926 0.0084 0.0074 
