10 0.999 0.029 0.001 
20 0.997 0.027 0.003 
30 0.999 0.019 0.001 
40 0.999 0.019 0.001 
50 0.999 0.017 0.001 
60 0.999 0.017 0.001 
70 0.998 0.017 0.002 
80 0.997 0.01 0.003 
90 0.997 0.01 0.003 
100 0.996 0.007 0.004 
110 0.998 0.011 0.002 
120 0.996 0.01 0.004 
130 0.995 0.009 0.005 
140 0.994 0.006 0.006 
150 0.994 0.009 0.006 
160 0.993 0.006 0.007 
170 0.993 0.006 0.007 
180 0.994 0.006 0.006 
190 0.994 0.006 0.006 
200 0.994 0.006 0.006 
210 0.995 0.008 0.005 
220 0.994 0.006 0.006 
230 0.994 0.006 0.006 
240 0.994 0.006 0.006 
250 0.994 0.006 0.006 
260 0.994 0.006 0.006 
270 0.994 0.006 0.006 
280 0.994 0.006 0.006 
290 0.994 0.006 0.006 
300 0.994 0.005 0.006 
310 0.994 0.005 0.006 
320 0.994 0.005 0.006 
330 0.994 0.005 0.006 
340 0.994 0.005 0.006 
350 0.994 0.005 0.006 
360 0.994 0.005 0.006 
370 0.994 0.005 0.006 
380 0.994 0.005 0.006 
390 0.994 0.005 0.006 
400 0.994 0.005 0.006 
410 0.994 0.005 0.006 
420 0.994 0.005 0.006 
430 0.994 0.005 0.006 
440 0.994 0.005 0.006 
450 0.994 0.005 0.006 
460 0.994 0.005 0.006 
470 0.994 0.005 0.006 
480 0.994 0.005 0.006 
490 0.994 0.005 0.006 
500 0.994 0.005 0.006 
510 0.994 0.005 0.006 
520 0.994 0.005 0.006 
530 0.994 0.005 0.006 
540 0.994 0.005 0.006 
550 0.994 0.005 0.006 
560 0.994 0.005 0.006 
570 0.994 0.005 0.006 
580 0.994 0.005 0.006 
590 0.994 0.005 0.006 
600 0.994 0.005 0.006 
610 0.994 0.005 0.006 
620 0.994 0.005 0.006 
630 0.994 0.005 0.006 
640 0.994 0.005 0.006 
650 0.994 0.005 0.006 
660 0.994 0.005 0.006 
670 0.994 0.005 0.006 
680 0.994 0.005 0.006 
690 0.994 0.005 0.006 
700 0.994 0.005 0.006 
710 0.994 0.005 0.006 
720 0.994 0.005 0.006 
730 0.994 0.005 0.006 
740 0.994 0.005 0.006 
750 0.994 0.005 0.006 
760 0.994 0.005 0.006 
770 0.994 0.005 0.006 
780 0.994 0.005 0.006 
790 0.994 0.005 0.006 
800 0.994 0.005 0.006 
810 0.994 0.005 0.006 
820 0.994 0.005 0.006 
830 0.994 0.005 0.006 
840 0.994 0.005 0.006 
850 0.994 0.005 0.006 
860 0.994 0.005 0.006 
870 0.994 0.005 0.006 
880 0.994 0.005 0.006 
890 0.994 0.005 0.006 
900 0.994 0.005 0.006 
910 0.994 0.005 0.006 
920 0.994 0.005 0.006 
930 0.994 0.005 0.006 
940 0.994 0.005 0.006 
950 0.994 0.005 0.006 
960 0.994 0.005 0.006 
970 0.994 0.005 0.006 
980 0.994 0.005 0.006 
990 0.994 0.005 0.006 
1000 0.994 0.004 0.006 
