10 0.9961 0.0249 0.0039 
20 0.9961 0.0213 0.0039 
30 0.9986 0.0199 0.0014 
40 0.9961 0.0195 0.0039 
50 0.9981 0.0134 0.0019 
60 0.9979 0.0104 0.0021 
70 0.9982 0.0124 0.0018 
80 0.9981 0.0115 0.0019 
90 0.9979 0.0094 0.0021 
100 0.9983 0.0098 0.0017 
110 0.9979 0.0073 0.0021 
120 0.9979 0.0081 0.0021 
130 0.9981 0.0088 0.0019 
140 0.9978 0.0071 0.0022 
150 0.9981 0.0081 0.0019 
160 0.9979 0.0071 0.0021 
170 0.9979 0.0067 0.0021 
180 0.9981 0.0069 0.0019 
190 0.9977 0.0054 0.0023 
200 0.9979 0.0056 0.0021 
210 0.9977 0.0058 0.0023 
220 0.998 0.0061 0.002 
230 0.998 0.0061 0.002 
240 0.9979 0.0058 0.0021 
250 0.998 0.006 0.002 
260 0.9982 0.0057 0.0018 
270 0.9976 0.0046 0.0024 
280 0.9979 0.0052 0.0021 
290 0.9988 0.0049 0.0012 
300 0.9975 0.004 0.0025 
310 0.9987 0.0045 0.0013 
320 0.9975 0.0034 0.0025 
330 0.9979 0.0042 0.0021 
340 0.9986 0.0036 0.0014 
350 0.9986 0.0042 0.0014 
360 0.9986 0.0042 0.0014 
370 0.9986 0.0045 0.0014 
380 0.9986 0.0038 0.0014 
390 0.9986 0.0037 0.0014 
400 0.9986 0.0033 0.0014 
410 0.9987 0.0036 0.0013 
420 0.9986 0.0036 0.0014 
430 0.9986 0.0036 0.0014 
440 0.9986 0.0032 0.0014 
450 0.9986 0.0028 0.0014 
460 0.9986 0.0028 0.0014 
470 0.9988 0.0033 0.0012 
480 0.9986 0.0032 0.0014 
490 0.9986 0.0032 0.0014 
500 0.9986 0.0032 0.0014 
510 0.9986 0.0032 0.0014 
520 0.9986 0.0032 0.0014 
530 0.9988 0.0037 0.0012 
540 0.9986 0.0037 0.0014 
550 0.9986 0.0034 0.0014 
560 0.9985 0.0032 0.0015 
570 0.9985 0.0027 0.0015 
580 0.9985 0.0032 0.0015 
590 0.9983 0.0029 0.0017 
600 0.9983 0.0029 0.0017 
610 0.9983 0.0029 0.0017 
620 0.9986 0.0032 0.0014 
630 0.9985 0.0034 0.0015 
640 0.9985 0.0032 0.0015 
650 0.9985 0.0032 0.0015 
660 0.9985 0.0031 0.0015 
670 0.9984 0.0027 0.0016 
680 0.9985 0.003 0.0015 
690 0.9985 0.003 0.0015 
700 0.9984 0.0027 0.0016 
710 0.9984 0.0027 0.0016 
720 0.9984 0.0027 0.0016 
730 0.9984 0.0027 0.0016 
740 0.9984 0.0027 0.0016 
750 0.9984 0.0028 0.0016 
760 0.9984 0.0027 0.0016 
770 0.9986 0.0032 0.0014 
780 0.9985 0.0031 0.0015 
790 0.9984 0.0027 0.0016 
800 0.9984 0.0027 0.0016 
810 0.9984 0.0027 0.0016 
820 0.9986 0.0033 0.0014 
830 0.9983 0.0026 0.0017 
840 0.9986 0.0032 0.0014 
850 0.9985 0.0026 0.0015 
860 0.9985 0.0025 0.0015 
870 0.9985 0.0025 0.0015 
880 0.9983 0.0026 0.0017 
890 0.9982 0.0025 0.0018 
900 0.9984 0.0025 0.0016 
910 0.9983 0.0024 0.0017 
920 0.9985 0.0028 0.0015 
930 0.9984 0.0029 0.0016 
940 0.9982 0.0026 0.0018 
950 0.9982 0.0025 0.0018 
960 0.9982 0.0026 0.0018 
970 0.9982 0.0026 0.0018 
980 0.9982 0.0026 0.0018 
990 0.9984 0.0027 0.0016 
1000 0.9986 0.0027 0.0014 
