10 0.9613 0.0288 0.0387 
20 0.97 0.0216 0.03 
30 0.9822 0.014 0.0178 
40 0.984 0.0106 0.016 
50 0.9868 0.0091 0.0132 
60 0.9907 0.0103 0.0093 
70 0.9906 0.011 0.0094 
80 0.9934 0.0102 0.0066 
90 0.9945 0.0113 0.0055 
100 0.9938 0.0104 0.0062 
110 0.9923 0.0067 0.0077 
120 0.9942 0.0085 0.0058 
130 0.994 0.0078 0.006 
140 0.994 0.0078 0.006 
150 0.9941 0.0082 0.0059 
160 0.9945 0.0082 0.0055 
170 0.9932 0.0078 0.0068 
180 0.9931 0.0069 0.0069 
190 0.9934 0.0068 0.0066 
200 0.9934 0.0068 0.0066 
210 0.9937 0.0069 0.0063 
220 0.995 0.0086 0.005 
230 0.9944 0.0063 0.0056 
240 0.9938 0.0053 0.0062 
250 0.9945 0.0066 0.0055 
260 0.9945 0.0066 0.0055 
270 0.9944 0.0066 0.0056 
280 0.9944 0.0064 0.0056 
290 0.9941 0.0053 0.0059 
300 0.9946 0.0061 0.0054 
310 0.9947 0.0061 0.0053 
320 0.9956 0.0066 0.0044 
330 0.9961 0.0065 0.0039 
340 0.9955 0.0057 0.0045 
350 0.9961 0.0057 0.0039 
360 0.9963 0.0061 0.0037 
370 0.9963 0.0061 0.0037 
380 0.9965 0.0061 0.0035 
390 0.996 0.0053 0.004 
400 0.9961 0.0053 0.0039 
410 0.9957 0.0052 0.0043 
420 0.9957 0.0053 0.0043 
430 0.996 0.0053 0.004 
440 0.9958 0.0051 0.0042 
450 0.9958 0.0051 0.0042 
460 0.9958 0.0052 0.0042 
470 0.9955 0.0047 0.0045 
480 0.9955 0.0047 0.0045 
490 0.9955 0.0047 0.0045 
500 0.996 0.0055 0.004 
510 0.9958 0.0054 0.0042 
520 0.9959 0.0055 0.0041 
530 0.9955 0.0055 0.0045 
540 0.9954 0.0055 0.0046 
550 0.9956 0.0062 0.0044 
560 0.9954 0.005 0.0046 
570 0.9954 0.0053 0.0046 
580 0.9953 0.0048 0.0047 
590 0.9954 0.0053 0.0046 
600 0.9957 0.0057 0.0043 
610 0.9957 0.0054 0.0043 
620 0.9958 0.0057 0.0042 
630 0.9955 0.0046 0.0045 
640 0.9962 0.0054 0.0038 
650 0.9962 0.0056 0.0038 
660 0.9959 0.0051 0.0041 
670 0.9961 0.0051 0.0039 
680 0.996 0.0051 0.004 
690 0.9962 0.005 0.0038 
700 0.9962 0.0049 0.0038 
710 0.9961 0.0051 0.0039 
720 0.9959 0.0047 0.0041 
730 0.9956 0.0046 0.0044 
740 0.9958 0.0046 0.0042 
750 0.9958 0.0046 0.0042 
760 0.9959 0.0053 0.0041 
770 0.9956 0.0046 0.0044 
780 0.9961 0.0055 0.0039 
790 0.9961 0.005 0.0039 
800 0.9961 0.005 0.0039 
810 0.9958 0.0046 0.0042 
820 0.9958 0.0046 0.0042 
830 0.9954 0.0043 0.0046 
840 0.9954 0.0044 0.0046 
850 0.9961 0.0044 0.0039 
860 0.9962 0.0049 0.0038 
870 0.9961 0.0048 0.0039 
880 0.9961 0.0047 0.0039 
890 0.9961 0.0048 0.0039 
900 0.9962 0.0048 0.0038 
910 0.9961 0.0045 0.0039 
920 0.9956 0.0044 0.0044 
930 0.9957 0.0043 0.0043 
940 0.9957 0.0043 0.0043 
950 0.9957 0.0043 0.0043 
960 0.9957 0.0043 0.0043 
970 0.9961 0.0045 0.0039 
980 0.9957 0.0044 0.0043 
990 0.9957 0.0043 0.0043 
1000 0.9961 0.0046 0.0039 
