10 0.939 0.017 0.061 
20 0.954 0.019 0.046 
30 0.963 0.018 0.037 
40 0.971 0.018 0.029 
50 0.967 0.017 0.033 
60 0.967 0.017 0.033 
70 0.969 0.017 0.031 
80 0.969 0.017 0.031 
90 0.967 0.017 0.033 
100 0.967 0.017 0.033 
110 0.972 0.017 0.028 
120 0.972 0.017 0.028 
130 0.972 0.017 0.028 
140 0.972 0.017 0.028 
150 0.97 0.017 0.03 
160 0.974 0.017 0.026 
170 0.974 0.017 0.026 
180 0.974 0.017 0.026 
190 0.974 0.017 0.026 
200 0.974 0.017 0.026 
210 0.974 0.017 0.026 
220 0.974 0.017 0.026 
230 0.974 0.017 0.026 
240 0.972 0.017 0.028 
250 0.976 0.02 0.024 
260 0.975 0.02 0.025 
270 0.973 0.02 0.027 
280 0.973 0.02 0.027 
290 0.975 0.02 0.025 
300 0.974 0.02 0.026 
310 0.974 0.02 0.026 
320 0.974 0.02 0.026 
330 0.974 0.02 0.026 
340 0.974 0.02 0.026 
350 0.974 0.02 0.026 
360 0.974 0.02 0.026 
370 0.974 0.02 0.026 
380 0.974 0.02 0.026 
390 0.974 0.02 0.026 
400 0.975 0.02 0.025 
410 0.974 0.02 0.026 
420 0.974 0.02 0.026 
430 0.974 0.02 0.026 
440 0.974 0.02 0.026 
450 0.975 0.02 0.025 
460 0.975 0.02 0.025 
470 0.975 0.02 0.025 
480 0.975 0.02 0.025 
490 0.975 0.02 0.025 
500 0.975 0.02 0.025 
510 0.975 0.02 0.025 
520 0.975 0.02 0.025 
530 0.975 0.022 0.025 
540 0.975 0.022 0.025 
550 0.975 0.022 0.025 
560 0.975 0.022 0.025 
570 0.975 0.022 0.025 
580 0.975 0.022 0.025 
590 0.975 0.022 0.025 
600 0.975 0.022 0.025 
610 0.975 0.022 0.025 
620 0.975 0.022 0.025 
630 0.975 0.022 0.025 
640 0.975 0.022 0.025 
650 0.975 0.022 0.025 
660 0.974 0.022 0.026 
670 0.974 0.022 0.026 
680 0.974 0.022 0.026 
690 0.974 0.022 0.026 
700 0.974 0.022 0.026 
710 0.974 0.022 0.026 
720 0.975 0.022 0.025 
730 0.975 0.022 0.025 
740 0.975 0.022 0.025 
750 0.975 0.022 0.025 
760 0.975 0.022 0.025 
770 0.974 0.022 0.026 
780 0.975 0.022 0.025 
790 0.975 0.022 0.025 
800 0.975 0.022 0.025 
810 0.975 0.022 0.025 
820 0.975 0.022 0.025 
830 0.975 0.022 0.025 
840 0.974 0.022 0.026 
850 0.975 0.022 0.025 
860 0.975 0.022 0.025 
870 0.975 0.022 0.025 
880 0.975 0.022 0.025 
890 0.975 0.022 0.025 
900 0.975 0.022 0.025 
910 0.975 0.022 0.025 
920 0.974 0.022 0.026 
930 0.974 0.022 0.026 
940 0.974 0.022 0.026 
950 0.974 0.022 0.026 
960 0.973 0.022 0.027 
970 0.974 0.022 0.026 
980 0.974 0.022 0.026 
990 0.972 0.022 0.028 
1000 0.972 0.022 0.028 
