10 0.959 0.023 0.041 
20 0.976 0.012 0.024 
30 0.987 0.015 0.013 
40 0.988 0.016 0.012 
50 0.987 0.017 0.013 
60 0.991 0.015 0.009 
70 0.989 0.009 0.011 
80 0.993 0.017 0.007 
90 0.993 0.012 0.007 
100 0.988 0.008 0.012 
110 0.988 0.008 0.012 
120 0.989 0.009 0.011 
130 0.99 0.009 0.01 
140 0.99 0.009 0.01 
150 0.99 0.009 0.01 
160 0.989 0.009 0.011 
170 0.99 0.009 0.01 
180 0.99 0.011 0.01 
190 0.99 0.011 0.01 
200 0.99 0.011 0.01 
210 0.991 0.011 0.009 
220 0.991 0.012 0.009 
230 0.991 0.012 0.009 
240 0.991 0.011 0.009 
250 0.991 0.011 0.009 
260 0.992 0.014 0.008 
270 0.991 0.011 0.009 
280 0.992 0.014 0.008 
290 0.992 0.014 0.008 
300 0.992 0.014 0.008 
310 0.992 0.014 0.008 
320 0.993 0.014 0.007 
330 0.992 0.011 0.008 
340 0.993 0.014 0.007 
350 0.992 0.014 0.008 
360 0.992 0.014 0.008 
370 0.993 0.014 0.007 
380 0.993 0.014 0.007 
390 0.993 0.014 0.007 
400 0.993 0.014 0.007 
410 0.993 0.014 0.007 
420 0.993 0.014 0.007 
430 0.993 0.014 0.007 
440 0.993 0.014 0.007 
450 0.993 0.014 0.007 
460 0.993 0.014 0.007 
470 0.993 0.014 0.007 
480 0.993 0.014 0.007 
490 0.993 0.014 0.007 
500 0.993 0.014 0.007 
510 0.993 0.014 0.007 
520 0.993 0.014 0.007 
530 0.993 0.014 0.007 
540 0.993 0.014 0.007 
550 0.993 0.014 0.007 
560 0.993 0.014 0.007 
570 0.993 0.015 0.007 
580 0.993 0.015 0.007 
590 0.993 0.015 0.007 
600 0.993 0.015 0.007 
610 0.993 0.015 0.007 
620 0.993 0.015 0.007 
630 0.993 0.015 0.007 
640 0.993 0.015 0.007 
650 0.993 0.015 0.007 
660 0.993 0.015 0.007 
670 0.993 0.015 0.007 
680 0.993 0.015 0.007 
690 0.993 0.015 0.007 
700 0.993 0.015 0.007 
710 0.989 0.015 0.011 
720 0.993 0.015 0.007 
730 0.989 0.015 0.011 
740 0.989 0.015 0.011 
750 0.989 0.015 0.011 
760 0.989 0.015 0.011 
770 0.989 0.015 0.011 
780 0.989 0.015 0.011 
790 0.989 0.015 0.011 
800 0.989 0.015 0.011 
810 0.989 0.015 0.011 
820 0.989 0.015 0.011 
830 0.989 0.015 0.011 
840 0.989 0.015 0.011 
850 0.989 0.015 0.011 
860 0.989 0.015 0.011 
870 0.989 0.015 0.011 
880 0.989 0.015 0.011 
890 0.989 0.015 0.011 
900 0.989 0.015 0.011 
910 0.989 0.015 0.011 
920 0.989 0.015 0.011 
930 0.989 0.015 0.011 
940 0.989 0.015 0.011 
950 0.989 0.015 0.011 
960 0.989 0.015 0.011 
970 0.989 0.015 0.011 
980 0.989 0.015 0.011 
990 0.989 0.015 0.011 
1000 0.989 0.015 0.011 
