10 0.805 0.0 0.195 
20 0.779 0.15 0.071 
30 0.779 0.15 0.071 
40 0.897 0.02 0.083 
50 0.901 0.016 0.083 
60 0.901 0.016 0.083 
70 0.901 0.016 0.083 
80 0.901 0.016 0.083 
90 0.901 0.016 0.083 
100 0.901 0.016 0.083 
110 0.901 0.016 0.083 
120 0.843 0.074 0.083 
130 0.867 0.05 0.083 
140 0.867 0.05 0.083 
150 0.867 0.05 0.083 
160 0.867 0.05 0.083 
170 0.867 0.05 0.083 
180 0.867 0.05 0.083 
190 0.853 0.064 0.083 
200 0.853 0.064 0.083 
210 0.853 0.064 0.083 
220 0.853 0.064 0.083 
230 0.825 0.092 0.083 
240 0.825 0.092 0.083 
250 0.825 0.092 0.083 
260 0.825 0.092 0.083 
270 0.825 0.09 0.085 
280 0.836 0.079 0.085 
290 0.836 0.079 0.085 
300 0.836 0.079 0.085 
310 0.836 0.079 0.085 
320 0.836 0.079 0.085 
330 0.836 0.079 0.085 
340 0.827 0.09 0.083 
350 0.827 0.088 0.085 
360 0.827 0.088 0.085 
370 0.821 0.091 0.088 
380 0.821 0.091 0.088 
390 0.821 0.091 0.088 
400 0.821 0.091 0.088 
410 0.827 0.088 0.085 
420 0.827 0.088 0.085 
430 0.827 0.088 0.085 
440 0.827 0.088 0.085 
450 0.827 0.088 0.085 
460 0.827 0.088 0.085 
470 0.823 0.091 0.086 
480 0.823 0.091 0.086 
490 0.823 0.091 0.086 
500 0.824 0.091 0.085 
510 0.823 0.089 0.088 
520 0.823 0.089 0.088 
530 0.823 0.089 0.088 
540 0.823 0.089 0.088 
550 0.823 0.089 0.088 
560 0.823 0.089 0.088 
570 0.823 0.089 0.088 
580 0.823 0.089 0.088 
590 0.828 0.087 0.085 
600 0.829 0.086 0.085 
610 0.829 0.086 0.085 
620 0.829 0.086 0.085 
630 0.829 0.087 0.084 
640 0.829 0.087 0.084 
650 0.825 0.087 0.088 
660 0.818 0.094 0.088 
670 0.818 0.094 0.088 
680 0.818 0.094 0.088 
690 0.818 0.094 0.088 
700 0.818 0.094 0.088 
710 0.818 0.094 0.088 
720 0.818 0.094 0.088 
730 0.818 0.094 0.088 
740 0.818 0.094 0.088 
750 0.818 0.094 0.088 
760 0.818 0.094 0.088 
770 0.818 0.094 0.088 
780 0.816 0.099 0.085 
790 0.823 0.091 0.086 
800 0.823 0.091 0.086 
810 0.822 0.092 0.086 
820 0.822 0.092 0.086 
830 0.822 0.092 0.086 
840 0.822 0.092 0.086 
850 0.822 0.092 0.086 
860 0.822 0.092 0.086 
870 0.822 0.092 0.086 
880 0.822 0.092 0.086 
890 0.822 0.092 0.086 
900 0.822 0.092 0.086 
910 0.822 0.092 0.086 
920 0.822 0.092 0.086 
930 0.822 0.092 0.086 
940 0.822 0.092 0.086 
950 0.824 0.093 0.083 
960 0.839 0.087 0.074 
970 0.839 0.087 0.074 
980 0.839 0.087 0.074 
990 0.839 0.087 0.074 
1000 0.835 0.091 0.074 
