10 0.8187 0.0 0.1813 
20 0.8187 0.0 0.1813 
30 0.8187 0.0 0.1813 
40 0.9143 0.0164 0.0857 
50 0.9143 0.0164 0.0857 
60 0.8187 0.0 0.1813 
70 0.8187 0.0 0.1813 
80 0.8187 0.0 0.1813 
90 0.8187 0.0 0.1813 
100 0.8187 0.0 0.1813 
110 0.8187 0.0 0.1813 
120 0.8187 0.0 0.1813 
130 0.8187 0.0 0.1813 
140 0.9046 0.0073 0.0954 
150 0.9014 0.0048 0.0986 
160 0.9014 0.0048 0.0986 
170 0.9014 0.0048 0.0986 
180 0.8861 0.0019 0.1139 
190 0.8861 0.0019 0.1139 
200 0.8861 0.0019 0.1139 
210 0.8861 0.0019 0.1139 
220 0.8861 0.0019 0.1139 
230 0.8861 0.0019 0.1139 
240 0.8861 0.0019 0.1139 
250 0.8861 0.0019 0.1139 
260 0.8861 0.0019 0.1139 
270 0.8974 0.0034 0.1026 
280 0.8948 0.0025 0.1052 
290 0.8948 0.0025 0.1052 
300 0.8974 0.0034 0.1026 
310 0.8974 0.0034 0.1026 
320 0.8974 0.0034 0.1026 
330 0.8948 0.0025 0.1052 
340 0.8938 0.0025 0.1062 
350 0.8938 0.0025 0.1062 
360 0.8938 0.0025 0.1062 
370 0.8938 0.0025 0.1062 
380 0.8938 0.0025 0.1062 
390 0.8938 0.0025 0.1062 
400 0.8938 0.0025 0.1062 
410 0.8938 0.0025 0.1062 
420 0.8938 0.0025 0.1062 
430 0.8974 0.0369 0.1026 
440 0.8969 0.0028 0.1031 
450 0.8969 0.0028 0.1031 
460 0.8969 0.0028 0.1031 
470 0.8969 0.0028 0.1031 
480 0.8969 0.0028 0.1031 
490 0.8969 0.0028 0.1031 
500 0.8969 0.0028 0.1031 
510 0.8969 0.0028 0.1031 
520 0.8969 0.0028 0.1031 
530 0.8969 0.0028 0.1031 
540 0.8969 0.0028 0.1031 
550 0.8969 0.0028 0.1031 
560 0.8969 0.0028 0.1031 
570 0.8969 0.0028 0.1031 
580 0.8969 0.0028 0.1031 
590 0.8969 0.0028 0.1031 
600 0.8969 0.0028 0.1031 
610 0.8969 0.0028 0.1031 
620 0.8969 0.0028 0.1031 
630 0.8943 0.0347 0.1057 
640 0.8969 0.032 0.1031 
650 0.8969 0.032 0.1031 
660 0.8969 0.032 0.1031 
670 0.8969 0.032 0.1031 
680 0.8969 0.032 0.1031 
690 0.8969 0.032 0.1031 
700 0.8969 0.032 0.1031 
710 0.8933 0.0344 0.1067 
720 0.8933 0.0344 0.1067 
730 0.8933 0.0344 0.1067 
740 0.8933 0.0344 0.1067 
750 0.8933 0.0344 0.1067 
760 0.8933 0.0344 0.1067 
770 0.8933 0.0344 0.1067 
780 0.8933 0.0344 0.1067 
790 0.8933 0.0344 0.1067 
800 0.8933 0.0344 0.1067 
810 0.8933 0.0344 0.1067 
820 0.8933 0.0344 0.1067 
830 0.8933 0.0344 0.1067 
840 0.8943 0.0347 0.1057 
850 0.8969 0.032 0.1031 
860 0.8969 0.032 0.1031 
870 0.8969 0.032 0.1031 
880 0.8969 0.032 0.1031 
890 0.8969 0.032 0.1031 
900 0.8969 0.032 0.1031 
910 0.8969 0.032 0.1031 
920 0.8969 0.032 0.1031 
930 0.8969 0.032 0.1031 
940 0.8943 0.0571 0.1057 
950 0.8943 0.0571 0.1057 
960 0.8943 0.0571 0.1057 
970 0.8943 0.0571 0.1057 
980 0.8943 0.0571 0.1057 
990 0.8969 0.0577 0.1031 
1000 0.8943 0.0571 0.1057 
