10 0.819 0.0 0.181 
20 0.819 0.0 0.181 
30 0.819 0.0 0.181 
40 0.819 0.0 0.181 
50 0.913 0.014 0.087 
60 0.913 0.014 0.087 
70 0.913 0.014 0.087 
80 0.913 0.014 0.087 
90 0.913 0.014 0.087 
100 0.909 0.047 0.091 
110 0.909 0.047 0.091 
120 0.909 0.047 0.091 
130 0.909 0.047 0.091 
140 0.909 0.047 0.091 
150 0.909 0.047 0.091 
160 0.909 0.047 0.091 
170 0.909 0.047 0.091 
180 0.909 0.047 0.091 
190 0.909 0.047 0.091 
200 0.909 0.047 0.091 
210 0.911 0.05 0.089 
220 0.912 0.047 0.088 
230 0.912 0.047 0.088 
240 0.914 0.047 0.086 
250 0.912 0.049 0.088 
260 0.909 0.049 0.091 
270 0.909 0.049 0.091 
280 0.909 0.049 0.091 
290 0.909 0.049 0.091 
300 0.909 0.049 0.091 
310 0.909 0.049 0.091 
320 0.909 0.049 0.091 
330 0.909 0.049 0.091 
340 0.909 0.049 0.091 
350 0.909 0.049 0.091 
360 0.909 0.049 0.091 
370 0.909 0.049 0.091 
380 0.909 0.049 0.091 
390 0.909 0.049 0.091 
400 0.909 0.049 0.091 
410 0.909 0.049 0.091 
420 0.909 0.049 0.091 
430 0.909 0.049 0.091 
440 0.909 0.049 0.091 
450 0.909 0.049 0.091 
460 0.909 0.049 0.091 
470 0.912 0.044 0.088 
480 0.912 0.044 0.088 
490 0.912 0.044 0.088 
500 0.912 0.044 0.088 
510 0.912 0.044 0.088 
520 0.912 0.044 0.088 
530 0.912 0.044 0.088 
540 0.912 0.044 0.088 
550 0.912 0.044 0.088 
560 0.912 0.044 0.088 
570 0.912 0.044 0.088 
580 0.912 0.044 0.088 
590 0.912 0.044 0.088 
600 0.912 0.044 0.088 
610 0.912 0.044 0.088 
620 0.912 0.044 0.088 
630 0.912 0.044 0.088 
640 0.912 0.044 0.088 
650 0.912 0.044 0.088 
660 0.912 0.044 0.088 
670 0.912 0.044 0.088 
680 0.913 0.05 0.087 
690 0.912 0.05 0.088 
700 0.912 0.05 0.088 
710 0.905 0.047 0.095 
720 0.92 0.049 0.08 
730 0.912 0.074 0.088 
740 0.912 0.074 0.088 
750 0.912 0.074 0.088 
760 0.912 0.074 0.088 
770 0.912 0.074 0.088 
780 0.912 0.074 0.088 
790 0.912 0.074 0.088 
800 0.912 0.074 0.088 
810 0.912 0.074 0.088 
820 0.912 0.074 0.088 
830 0.912 0.074 0.088 
840 0.921 0.074 0.079 
850 0.912 0.074 0.088 
860 0.913 0.075 0.087 
870 0.913 0.075 0.087 
880 0.913 0.075 0.087 
890 0.905 0.067 0.095 
900 0.905 0.067 0.095 
910 0.905 0.067 0.095 
920 0.905 0.067 0.095 
930 0.905 0.067 0.095 
940 0.906 0.067 0.094 
950 0.906 0.067 0.094 
960 0.905 0.067 0.095 
970 0.906 0.067 0.094 
980 0.905 0.067 0.095 
990 0.906 0.067 0.094 
1000 0.906 0.067 0.094 
