0.001 1.0 242 0.0 1.0 0.0 
0.001 1.5 246 0.0 1.0 0.0 
0.001 2.0 246 0.0 1.0 0.0 
0.001 2.5 249 0.0 1.0 0.0 
0.001 3.0 249 0.0 1.0 0.0 
0.001 3.5 252 0.0 1.0 0.0 
0.001 4.0 254 0.0 1.0 0.0 
0.001 4.5 252 0.0 1.0 0.0 
0.001 5.0 253 0.0 1.0 0.0 
0.001 5.5 253 0.0 1.0 0.0 
0.001 6.0 254 0.0 1.0 0.0 
0.00177827941004 1.0 253 0.0 1.0 0.0 
0.00177827941004 1.5 259 0.0 1.0 0.0 
0.00177827941004 2.0 265 0.0 1.0 0.0 
0.00177827941004 2.5 269 0.0 1.0 0.0 
0.00177827941004 3.0 294 0.0 1.0 0.0 
0.00177827941004 3.5 299 0.0 1.0 0.0 
0.00177827941004 4.0 325 0.0 1.0 0.0 
0.00177827941004 4.5 331 0.0 1.0 0.0 
0.00177827941004 5.0 333 0.0 1.0 0.0 
0.00177827941004 5.5 337 0.0 1.0 0.0 
0.00177827941004 6.0 335 0.0 1.0 0.0 
0.00316227766017 1.0 264 0.0 1.0 0.0 
0.00316227766017 1.5 281 0.0 1.0 0.0 
0.00316227766017 2.0 303 0.0 1.0 0.0 
0.00316227766017 2.5 316 0.0 1.0 0.0 
0.00316227766017 3.0 332 0.0 1.0 0.0 
0.00316227766017 3.5 355 0.0 1.0 0.0 
0.00316227766017 4.0 358 0.0 1.0 0.0 
0.00316227766017 4.5 360 0.0 1.0 0.0 
0.00316227766017 5.0 378 0.0 1.0 0.0 
0.00316227766017 5.5 378 0.0 1.0 0.0 
0.00316227766017 6.0 384 0.0 1.0 0.0 
0.0056234132519 1.0 289 0.0 1.0 0.0 
0.0056234132519 1.5 310 0.0 1.0 0.0 
0.0056234132519 2.0 324 0.0 1.0 0.0 
0.0056234132519 2.5 353 0.0 1.0 0.0 
0.0056234132519 3.0 378 0.0 1.0 0.0 
0.0056234132519 3.5 406 0.0 1.0 0.0 
0.0056234132519 4.0 411 0.0 1.0 0.0 
0.0056234132519 4.5 428 0.0 1.0 0.0 
0.0056234132519 5.0 445 0.0 1.0 0.0 
0.0056234132519 5.5 460 0.0 1.0 0.0 
0.0056234132519 6.0 473 0.0 1.0 0.0 
0.01 1.0 318 0.0 1.0 0.0 
0.01 1.5 346 0.0 1.0 0.0 
0.01 2.0 374 0.0 1.0 0.0 
0.01 2.5 397 0.0 1.0 0.0 
0.01 3.0 422 0.0 1.0 0.0 
0.01 3.5 462 0.0 1.0 0.0 
0.01 4.0 474 0.0 1.0 0.0 
0.01 4.5 488 0.0 1.0 0.0 
0.01 5.0 503 0.0 1.0 0.0 
0.01 5.5 524 0.0 1.0 0.0 
0.01 6.0 543 0.0 1.0 0.0 
0.0177827941004 1.0 336 0.0 1.0 0.0 
0.0177827941004 1.5 368 0.0 1.0 0.0 
0.0177827941004 2.0 412 0.0 1.0 0.0 
0.0177827941004 2.5 443 0.0 1.0 0.0 
0.0177827941004 3.0 475 0.0 1.0 0.0 
0.0177827941004 3.5 502 0.0 1.0 0.0 
0.0177827941004 4.0 520 0.0 1.0 0.0 
0.0177827941004 4.5 533 0.0 1.0 0.0 
0.0177827941004 5.0 563 0.0 1.0 0.0 
0.0177827941004 5.5 572 0.0 1.0 0.0 
0.0177827941004 6.0 597 0.0 1.0 0.0 
0.0316227766017 1.0 362 0.0 0.927536231884 0.0724637681159 
0.0316227766017 1.5 396 0.0 1.0 0.0 
0.0316227766017 2.0 441 0.0 1.0 0.0 
0.0316227766017 2.5 490 0.0 1.0 0.0 
0.0316227766017 3.0 511 0.0 1.0 0.0 
0.0316227766017 3.5 537 0.0 1.0 0.0 
0.0316227766017 4.0 566 0.0 1.0 0.0 
0.0316227766017 4.5 584 0.0 1.0 0.0 
0.0316227766017 5.0 608 0.0 1.0 0.0 
0.0316227766017 5.5 620 0.0 1.0 0.0 
0.0316227766017 6.0 631 0.0 1.0 0.0 
0.056234132519 1.0 385 0.0 0.536231884058 0.463768115942 
0.056234132519 1.5 436 0.0 0.659420289855 0.340579710145 
0.056234132519 2.0 469 0.0 0.891304347826 0.108695652174 
0.056234132519 2.5 517 0.0 0.985507246377 0.0144927536232 
0.056234132519 3.0 540 0.0 1.0 0.0 
0.056234132519 3.5 554 0.0 1.0 0.0 
0.056234132519 4.0 604 0.0 1.0 0.0 
0.056234132519 4.5 613 0.0 1.0 0.0 
0.056234132519 5.0 629 0.0 1.0 0.0 
0.056234132519 5.5 651 0.0 1.0 0.0 
0.056234132519 6.0 667 0.0 1.0 0.0 
0.1 1.0 374 0.00116009280742 0.31884057971 0.68115942029 
0.1 1.5 429 0.0 0.413043478261 0.586956521739 
0.1 2.0 492 0.0 0.485507246377 0.514492753623 
0.1 2.5 537 0.0 0.521739130435 0.478260869565 
0.1 3.0 566 0.0 0.63768115942 0.36231884058 
0.1 3.5 581 0.0 0.804347826087 0.195652173913 
0.1 4.0 620 0.0 0.905797101449 0.0942028985507 
0.1 4.5 624 0.0 0.949275362319 0.0507246376812 
0.1 5.0 655 0.0 0.978260869565 0.0217391304348 
0.1 5.5 670 0.0 1.0 0.0 
0.1 6.0 686 0.0 1.0 0.0 
0.177827941004 1.0 336 0.00348027842227 0.246376811594 0.753623188406 
0.177827941004 1.5 411 0.00348027842227 0.260869565217 0.739130434783 
0.177827941004 2.0 478 0.00348027842227 0.289855072464 0.710144927536 
0.177827941004 2.5 526 0.00116009280742 0.340579710145 0.659420289855 
0.177827941004 3.0 562 0.0 0.413043478261 0.586956521739 
0.177827941004 3.5 593 0.0 0.427536231884 0.572463768116 
0.177827941004 4.0 618 0.0 0.449275362319 0.550724637681 
0.177827941004 4.5 638 0.0 0.5 0.5 
0.177827941004 5.0 655 0.0 0.557971014493 0.442028985507 
0.177827941004 5.5 683 0.0 0.623188405797 0.376811594203 
0.177827941004 6.0 679 0.0 0.688405797101 0.311594202899 
0.316227766017 1.0 303 0.00348027842227 0.202898550725 0.797101449275 
0.316227766017 1.5 387 0.00348027842227 0.210144927536 0.789855072464 
0.316227766017 2.0 470 0.00348027842227 0.231884057971 0.768115942029 
0.316227766017 2.5 509 0.00348027842227 0.253623188406 0.746376811594 
0.316227766017 3.0 558 0.00348027842227 0.268115942029 0.731884057971 
0.316227766017 3.5 579 0.00348027842227 0.289855072464 0.710144927536 
0.316227766017 4.0 596 0.00348027842227 0.326086956522 0.673913043478 
0.316227766017 4.5 621 0.00348027842227 0.355072463768 0.644927536232 
0.316227766017 5.0 656 0.00348027842227 0.355072463768 0.644927536232 
0.316227766017 5.5 667 0.00232018561485 0.369565217391 0.630434782609 
0.316227766017 6.0 690 0.00232018561485 0.405797101449 0.594202898551 
0.56234132519 1.0 280 0.0046403712297 0.210144927536 0.789855072464 
0.56234132519 1.5 366 0.0046403712297 0.210144927536 0.789855072464 
0.56234132519 2.0 449 0.0046403712297 0.210144927536 0.789855072464 
0.56234132519 2.5 498 0.00348027842227 0.224637681159 0.775362318841 
0.56234132519 3.0 544 0.00348027842227 0.231884057971 0.768115942029 
0.56234132519 3.5 555 0.00348027842227 0.224637681159 0.775362318841 
0.56234132519 4.0 575 0.00348027842227 0.231884057971 0.768115942029 
0.56234132519 4.5 607 0.00348027842227 0.246376811594 0.753623188406 
0.56234132519 5.0 632 0.00348027842227 0.268115942029 0.731884057971 
0.56234132519 5.5 656 0.00348027842227 0.289855072464 0.710144927536 
0.56234132519 6.0 669 0.00348027842227 0.297101449275 0.702898550725 
1.0 1.0 274 0.00580046403712 0.195652173913 0.804347826087 
1.0 1.5 351 0.0046403712297 0.188405797101 0.811594202899 
1.0 2.0 409 0.0046403712297 0.173913043478 0.826086956522 
1.0 2.5 476 0.00348027842227 0.202898550725 0.797101449275 
1.0 3.0 505 0.00348027842227 0.195652173913 0.804347826087 
1.0 3.5 531 0.00348027842227 0.188405797101 0.811594202899 
1.0 4.0 565 0.00348027842227 0.188405797101 0.811594202899 
1.0 4.5 590 0.00348027842227 0.195652173913 0.804347826087 
1.0 5.0 612 0.00348027842227 0.195652173913 0.804347826087 
1.0 5.5 628 0.00348027842227 0.202898550725 0.797101449275 
1.0 6.0 631 0.00348027842227 0.210144927536 0.789855072464 
1.77827941004 1.0 244 0.00580046403712 0.18115942029 0.81884057971 
1.77827941004 1.5 336 0.0046403712297 0.173913043478 0.826086956522 
1.77827941004 2.0 400 0.00348027842227 0.173913043478 0.826086956522 
1.77827941004 2.5 472 0.00348027842227 0.173913043478 0.826086956522 
1.77827941004 3.0 503 0.00348027842227 0.166666666667 0.833333333333 
1.77827941004 3.5 523 0.00580046403712 0.159420289855 0.840579710145 
1.77827941004 4.0 552 0.00580046403712 0.152173913043 0.847826086957 
1.77827941004 4.5 575 0.00580046403712 0.152173913043 0.847826086957 
1.77827941004 5.0 595 0.00580046403712 0.152173913043 0.847826086957 
1.77827941004 5.5 620 0.00580046403712 0.166666666667 0.833333333333 
1.77827941004 6.0 644 0.00580046403712 0.166666666667 0.833333333333 
3.16227766017 1.0 227 0.0046403712297 0.159420289855 0.840579710145 
3.16227766017 1.5 322 0.00348027842227 0.152173913043 0.847826086957 
3.16227766017 2.0 394 0.00348027842227 0.144927536232 0.855072463768 
3.16227766017 2.5 440 0.00580046403712 0.144927536232 0.855072463768 
3.16227766017 3.0 497 0.00580046403712 0.13768115942 0.86231884058 
3.16227766017 3.5 510 0.00580046403712 0.130434782609 0.869565217391 
3.16227766017 4.0 529 0.00696055684455 0.144927536232 0.855072463768 
3.16227766017 4.5 560 0.00696055684455 0.13768115942 0.86231884058 
3.16227766017 5.0 583 0.00696055684455 0.152173913043 0.847826086957 
3.16227766017 5.5 615 0.00812064965197 0.152173913043 0.847826086957 
3.16227766017 6.0 645 0.00812064965197 0.159420289855 0.840579710145 
5.6234132519 1.0 214 0.00348027842227 0.144927536232 0.855072463768 
5.6234132519 1.5 316 0.0046403712297 0.123188405797 0.876811594203 
5.6234132519 2.0 388 0.00580046403712 0.115942028986 0.884057971014 
5.6234132519 2.5 437 0.00580046403712 0.13768115942 0.86231884058 
5.6234132519 3.0 476 0.00696055684455 0.123188405797 0.876811594203 
5.6234132519 3.5 498 0.00696055684455 0.159420289855 0.840579710145 
5.6234132519 4.0 520 0.00696055684455 0.166666666667 0.833333333333 
5.6234132519 4.5 561 0.0092807424594 0.159420289855 0.840579710145 
5.6234132519 5.0 573 0.0104408352668 0.159420289855 0.840579710145 
5.6234132519 5.5 602 0.0104408352668 0.159420289855 0.840579710145 
5.6234132519 6.0 623 0.0104408352668 0.159420289855 0.840579710145 
10.0 1.0 182 0.00348027842227 0.108695652174 0.891304347826 
10.0 1.5 309 0.00580046403712 0.130434782609 0.869565217391 
10.0 2.0 356 0.00580046403712 0.115942028986 0.884057971014 
10.0 2.5 412 0.00696055684455 0.115942028986 0.884057971014 
10.0 3.0 474 0.00696055684455 0.144927536232 0.855072463768 
10.0 3.5 490 0.00696055684455 0.173913043478 0.826086956522 
10.0 4.0 523 0.0104408352668 0.173913043478 0.826086956522 
10.0 4.5 544 0.0104408352668 0.18115942029 0.81884057971 
10.0 5.0 576 0.0104408352668 0.159420289855 0.840579710145 
10.0 5.5 588 0.0104408352668 0.18115942029 0.81884057971 
10.0 6.0 613 0.0104408352668 0.166666666667 0.833333333333 
17.7827941004 1.0 57 0.00348027842227 0.123188405797 0.876811594203 
17.7827941004 1.5 269 0.00812064965197 0.101449275362 0.898550724638 
17.7827941004 2.0 344 0.00812064965197 0.115942028986 0.884057971014 
17.7827941004 2.5 413 0.00696055684455 0.123188405797 0.876811594203 
17.7827941004 3.0 460 0.00812064965197 0.173913043478 0.826086956522 
17.7827941004 3.5 482 0.0104408352668 0.188405797101 0.811594202899 
17.7827941004 4.0 511 0.0104408352668 0.195652173913 0.804347826087 
17.7827941004 4.5 544 0.0104408352668 0.195652173913 0.804347826087 
17.7827941004 5.0 558 0.0104408352668 0.166666666667 0.833333333333 
17.7827941004 5.5 591 0.0104408352668 0.166666666667 0.833333333333 
17.7827941004 6.0 613 0.0092807424594 0.166666666667 0.833333333333 
31.6227766017 1.0 58 0.00348027842227 0.130434782609 0.869565217391 
31.6227766017 1.5 62 0.0092807424594 0.0942028985507 0.905797101449 
31.6227766017 2.0 320 0.00696055684455 0.108695652174 0.891304347826 
31.6227766017 2.5 384 0.00812064965197 0.13768115942 0.86231884058 
31.6227766017 3.0 448 0.00812064965197 0.173913043478 0.826086956522 
31.6227766017 3.5 492 0.0104408352668 0.195652173913 0.804347826087 
31.6227766017 4.0 513 0.0092807424594 0.195652173913 0.804347826087 
31.6227766017 4.5 536 0.0092807424594 0.188405797101 0.811594202899 
31.6227766017 5.0 557 0.0104408352668 0.166666666667 0.833333333333 
31.6227766017 5.5 586 0.0104408352668 0.159420289855 0.840579710145 
31.6227766017 6.0 607 0.0092807424594 0.166666666667 0.833333333333 
56.234132519 1.0 57 0.00812064965197 0.101449275362 0.898550724638 
56.234132519 1.5 61 0.0092807424594 0.108695652174 0.891304347826 
56.234132519 2.0 313 0.00812064965197 0.123188405797 0.876811594203 
56.234132519 2.5 383 0.00812064965197 0.152173913043 0.847826086957 
56.234132519 3.0 432 0.00812064965197 0.195652173913 0.804347826087 
56.234132519 3.5 477 0.0104408352668 0.188405797101 0.811594202899 
56.234132519 4.0 502 0.0116009280742 0.18115942029 0.81884057971 
56.234132519 4.5 523 0.0104408352668 0.173913043478 0.826086956522 
56.234132519 5.0 556 0.0104408352668 0.159420289855 0.840579710145 
56.234132519 5.5 583 0.0104408352668 0.166666666667 0.833333333333 
56.234132519 6.0 607 0.0092807424594 0.173913043478 0.826086956522 
100.0 1.0 58 0.0092807424594 0.101449275362 0.898550724638 
100.0 1.5 55 0.00812064965197 0.123188405797 0.876811594203 
100.0 2.0 265 0.00812064965197 0.13768115942 0.86231884058 
100.0 2.5 391 0.0104408352668 0.166666666667 0.833333333333 
100.0 3.0 426 0.0104408352668 0.18115942029 0.81884057971 
100.0 3.5 467 0.0104408352668 0.173913043478 0.826086956522 
100.0 4.0 498 0.0104408352668 0.18115942029 0.81884057971 
100.0 4.5 534 0.0104408352668 0.173913043478 0.826086956522 
100.0 5.0 548 0.0104408352668 0.173913043478 0.826086956522 
100.0 5.5 580 0.0104408352668 0.18115942029 0.81884057971 
100.0 6.0 602 0.0116009280742 0.195652173913 0.804347826087 
