0.001 1.0 249 0.0 1.0 0.0 
0.001 1.5 251 0.0 1.0 0.0 
0.001 2.0 250 0.0 1.0 0.0 
0.001 2.5 254 0.0 1.0 0.0 
0.001 3.0 254 0.0 1.0 0.0 
0.001 3.5 255 0.0 1.0 0.0 
0.001 4.0 256 0.0 1.0 0.0 
0.001 4.5 257 0.0 1.0 0.0 
0.001 5.0 259 0.0 1.0 0.0 
0.001 5.5 260 0.0 1.0 0.0 
0.001 6.0 263 0.0 1.0 0.0 
0.00177827941004 1.0 257 0.0 1.0 0.0 
0.00177827941004 1.5 261 0.0 1.0 0.0 
0.00177827941004 2.0 266 0.0 1.0 0.0 
0.00177827941004 2.5 284 0.0 1.0 0.0 
0.00177827941004 3.0 294 0.0 1.0 0.0 
0.00177827941004 3.5 310 0.0 1.0 0.0 
0.00177827941004 4.0 330 0.0 1.0 0.0 
0.00177827941004 4.5 338 0.0 1.0 0.0 
0.00177827941004 5.0 343 0.0 1.0 0.0 
0.00177827941004 5.5 347 0.0 1.0 0.0 
0.00177827941004 6.0 349 0.0 1.0 0.0 
0.00316227766017 1.0 269 0.0 1.0 0.0 
0.00316227766017 1.5 276 0.0 1.0 0.0 
0.00316227766017 2.0 304 0.0 1.0 0.0 
0.00316227766017 2.5 327 0.0 1.0 0.0 
0.00316227766017 3.0 344 0.0 1.0 0.0 
0.00316227766017 3.5 353 0.0 1.0 0.0 
0.00316227766017 4.0 363 0.0 1.0 0.0 
0.00316227766017 4.5 366 0.0 1.0 0.0 
0.00316227766017 5.0 374 0.0 1.0 0.0 
0.00316227766017 5.5 384 0.0 1.0 0.0 
0.00316227766017 6.0 393 0.0 1.0 0.0 
0.0056234132519 1.0 290 0.0 1.0 0.0 
0.0056234132519 1.5 300 0.0 1.0 0.0 
0.0056234132519 2.0 343 0.0 1.0 0.0 
0.0056234132519 2.5 358 0.0 1.0 0.0 
0.0056234132519 3.0 384 0.0 1.0 0.0 
0.0056234132519 3.5 404 0.0 1.0 0.0 
0.0056234132519 4.0 415 0.0 1.0 0.0 
0.0056234132519 4.5 432 0.0 1.0 0.0 
0.0056234132519 5.0 445 0.0 1.0 0.0 
0.0056234132519 5.5 462 0.0 1.0 0.0 
0.0056234132519 6.0 483 0.0 1.0 0.0 
0.01 1.0 315 0.0 1.0 0.0 
0.01 1.5 329 0.0 1.0 0.0 
0.01 2.0 384 0.0 1.0 0.0 
0.01 2.5 420 0.0 1.0 0.0 
0.01 3.0 429 0.0 1.0 0.0 
0.01 3.5 452 0.0 1.0 0.0 
0.01 4.0 473 0.0 1.0 0.0 
0.01 4.5 498 0.0 1.0 0.0 
0.01 5.0 520 0.0 1.0 0.0 
0.01 5.5 529 0.0 1.0 0.0 
0.01 6.0 550 0.0 1.0 0.0 
0.0177827941004 1.0 339 0.0 1.0 0.0 
0.0177827941004 1.5 384 0.0 1.0 0.0 
0.0177827941004 2.0 415 0.0 1.0 0.0 
0.0177827941004 2.5 462 0.0 1.0 0.0 
0.0177827941004 3.0 483 0.0 1.0 0.0 
0.0177827941004 3.5 503 0.0 1.0 0.0 
0.0177827941004 4.0 525 0.0 1.0 0.0 
0.0177827941004 4.5 535 0.0 1.0 0.0 
0.0177827941004 5.0 576 0.0 1.0 0.0 
0.0177827941004 5.5 580 0.0 1.0 0.0 
0.0177827941004 6.0 602 0.0 1.0 0.0 
0.0316227766017 1.0 359 0.0 0.874015748031 0.125984251969 
0.0316227766017 1.5 409 0.0 1.0 0.0 
0.0316227766017 2.0 455 0.0 1.0 0.0 
0.0316227766017 2.5 487 0.0 1.0 0.0 
0.0316227766017 3.0 520 0.0 1.0 0.0 
0.0316227766017 3.5 550 0.0 1.0 0.0 
0.0316227766017 4.0 558 0.0 1.0 0.0 
0.0316227766017 4.5 593 0.0 1.0 0.0 
0.0316227766017 5.0 610 0.0 1.0 0.0 
0.0316227766017 5.5 627 0.0 1.0 0.0 
0.0316227766017 6.0 646 0.0 1.0 0.0 
0.056234132519 1.0 380 0.0 0.472440944882 0.527559055118 
0.056234132519 1.5 431 0.0 0.653543307087 0.346456692913 
0.056234132519 2.0 473 0.0 0.818897637795 0.181102362205 
0.056234132519 2.5 532 0.0 1.0 0.0 
0.056234132519 3.0 550 0.0 1.0 0.0 
0.056234132519 3.5 577 0.0 1.0 0.0 
0.056234132519 4.0 590 0.0 1.0 0.0 
0.056234132519 4.5 627 0.0 1.0 0.0 
0.056234132519 5.0 634 0.0 1.0 0.0 
0.056234132519 5.5 648 0.0 1.0 0.0 
0.056234132519 6.0 663 0.0 1.0 0.0 
0.1 1.0 360 0.00229095074456 0.267716535433 0.732283464567 
0.1 1.5 441 0.00229095074456 0.362204724409 0.637795275591 
0.1 2.0 499 0.00114547537228 0.44094488189 0.55905511811 
0.1 2.5 567 0.0 0.51968503937 0.48031496063 
0.1 3.0 578 0.0 0.614173228346 0.385826771654 
0.1 3.5 592 0.0 0.748031496063 0.251968503937 
0.1 4.0 619 0.0 0.826771653543 0.173228346457 
0.1 4.5 635 0.0 0.952755905512 0.0472440944882 
0.1 5.0 650 0.0 0.992125984252 0.00787401574803 
0.1 5.5 661 0.0 1.0 0.0 
0.1 6.0 686 0.0 1.0 0.0 
0.177827941004 1.0 331 0.00458190148912 0.188976377953 0.811023622047 
0.177827941004 1.5 416 0.00343642611684 0.196850393701 0.803149606299 
0.177827941004 2.0 491 0.00343642611684 0.228346456693 0.771653543307 
0.177827941004 2.5 543 0.00229095074456 0.244094488189 0.755905511811 
0.177827941004 3.0 576 0.00229095074456 0.283464566929 0.716535433071 
0.177827941004 3.5 595 0.00114547537228 0.370078740157 0.629921259843 
0.177827941004 4.0 624 0.00114547537228 0.409448818898 0.590551181102 
0.177827941004 4.5 637 0.00114547537228 0.48031496063 0.51968503937 
0.177827941004 5.0 662 0.0 0.527559055118 0.472440944882 
0.177827941004 5.5 672 0.0 0.574803149606 0.425196850394 
0.177827941004 6.0 696 0.0 0.637795275591 0.362204724409 
0.316227766017 1.0 308 0.00687285223368 0.149606299213 0.850393700787 
0.316227766017 1.5 397 0.00687285223368 0.149606299213 0.850393700787 
0.316227766017 2.0 450 0.0057273768614 0.181102362205 0.818897637795 
0.316227766017 2.5 517 0.00343642611684 0.188976377953 0.811023622047 
0.316227766017 3.0 559 0.00343642611684 0.196850393701 0.803149606299 
0.316227766017 3.5 578 0.00343642611684 0.220472440945 0.779527559055 
0.316227766017 4.0 599 0.00343642611684 0.228346456693 0.771653543307 
0.316227766017 4.5 634 0.00343642611684 0.228346456693 0.771653543307 
0.316227766017 5.0 645 0.00343642611684 0.228346456693 0.771653543307 
0.316227766017 5.5 662 0.00114547537228 0.244094488189 0.755905511811 
0.316227766017 6.0 686 0.00114547537228 0.259842519685 0.740157480315 
0.56234132519 1.0 285 0.00801832760596 0.133858267717 0.866141732283 
0.56234132519 1.5 370 0.00687285223368 0.141732283465 0.858267716535 
0.56234132519 2.0 425 0.00687285223368 0.133858267717 0.866141732283 
0.56234132519 2.5 482 0.0057273768614 0.149606299213 0.850393700787 
0.56234132519 3.0 524 0.0057273768614 0.165354330709 0.834645669291 
0.56234132519 3.5 550 0.0057273768614 0.165354330709 0.834645669291 
0.56234132519 4.0 578 0.00458190148912 0.173228346457 0.826771653543 
0.56234132519 4.5 608 0.00458190148912 0.181102362205 0.818897637795 
0.56234132519 5.0 605 0.00458190148912 0.181102362205 0.818897637795 
0.56234132519 5.5 639 0.00458190148912 0.188976377953 0.811023622047 
0.56234132519 6.0 669 0.00458190148912 0.196850393701 0.803149606299 
1.0 1.0 268 0.00801832760596 0.11811023622 0.88188976378 
1.0 1.5 344 0.00801832760596 0.125984251969 0.874015748031 
1.0 2.0 421 0.00687285223368 0.133858267717 0.866141732283 
1.0 2.5 478 0.00687285223368 0.141732283465 0.858267716535 
1.0 3.0 507 0.00687285223368 0.141732283465 0.858267716535 
1.0 3.5 540 0.00687285223368 0.141732283465 0.858267716535 
1.0 4.0 570 0.0057273768614 0.141732283465 0.858267716535 
1.0 4.5 580 0.0057273768614 0.149606299213 0.850393700787 
1.0 5.0 606 0.0057273768614 0.149606299213 0.850393700787 
1.0 5.5 617 0.0057273768614 0.157480314961 0.842519685039 
1.0 6.0 641 0.0057273768614 0.157480314961 0.842519685039 
1.77827941004 1.0 247 0.00916380297824 0.11811023622 0.88188976378 
1.77827941004 1.5 339 0.00687285223368 0.125984251969 0.874015748031 
1.77827941004 2.0 388 0.00687285223368 0.133858267717 0.866141732283 
1.77827941004 2.5 448 0.00687285223368 0.125984251969 0.874015748031 
1.77827941004 3.0 499 0.00687285223368 0.133858267717 0.866141732283 
1.77827941004 3.5 533 0.0057273768614 0.133858267717 0.866141732283 
1.77827941004 4.0 551 0.0057273768614 0.133858267717 0.866141732283 
1.77827941004 4.5 567 0.0057273768614 0.141732283465 0.858267716535 
1.77827941004 5.0 598 0.0057273768614 0.133858267717 0.866141732283 
1.77827941004 5.5 613 0.0057273768614 0.141732283465 0.858267716535 
1.77827941004 6.0 633 0.0057273768614 0.141732283465 0.858267716535 
3.16227766017 1.0 239 0.00801832760596 0.110236220472 0.889763779528 
3.16227766017 1.5 327 0.00687285223368 0.110236220472 0.889763779528 
3.16227766017 2.0 393 0.00687285223368 0.125984251969 0.874015748031 
3.16227766017 2.5 460 0.00687285223368 0.11811023622 0.88188976378 
3.16227766017 3.0 482 0.00687285223368 0.125984251969 0.874015748031 
3.16227766017 3.5 520 0.0057273768614 0.11811023622 0.88188976378 
3.16227766017 4.0 558 0.0057273768614 0.11811023622 0.88188976378 
3.16227766017 4.5 561 0.0057273768614 0.125984251969 0.874015748031 
3.16227766017 5.0 588 0.0057273768614 0.125984251969 0.874015748031 
3.16227766017 5.5 596 0.00687285223368 0.125984251969 0.874015748031 
3.16227766017 6.0 632 0.00687285223368 0.11811023622 0.88188976378 
5.6234132519 1.0 238 0.00687285223368 0.110236220472 0.889763779528 
5.6234132519 1.5 312 0.00687285223368 0.11811023622 0.88188976378 
5.6234132519 2.0 387 0.00801832760596 0.102362204724 0.897637795276 
5.6234132519 2.5 442 0.00687285223368 0.102362204724 0.897637795276 
5.6234132519 3.0 481 0.0057273768614 0.11811023622 0.88188976378 
5.6234132519 3.5 509 0.0057273768614 0.110236220472 0.889763779528 
5.6234132519 4.0 538 0.00687285223368 0.11811023622 0.88188976378 
5.6234132519 4.5 551 0.00687285223368 0.11811023622 0.88188976378 
5.6234132519 5.0 573 0.00687285223368 0.11811023622 0.88188976378 
5.6234132519 5.5 594 0.00687285223368 0.125984251969 0.874015748031 
5.6234132519 6.0 628 0.00687285223368 0.133858267717 0.866141732283 
10.0 1.0 216 0.00801832760596 0.11811023622 0.88188976378 
10.0 1.5 309 0.00801832760596 0.0944881889764 0.905511811024 
10.0 2.0 376 0.00801832760596 0.0944881889764 0.905511811024 
10.0 2.5 417 0.00801832760596 0.11811023622 0.88188976378 
10.0 3.0 473 0.00687285223368 0.110236220472 0.889763779528 
10.0 3.5 491 0.00801832760596 0.11811023622 0.88188976378 
10.0 4.0 529 0.00687285223368 0.11811023622 0.88188976378 
10.0 4.5 541 0.00916380297824 0.133858267717 0.866141732283 
10.0 5.0 560 0.00916380297824 0.133858267717 0.866141732283 
10.0 5.5 588 0.00916380297824 0.133858267717 0.866141732283 
10.0 6.0 609 0.0103092783505 0.141732283465 0.858267716535 
17.7827941004 1.0 215 0.00687285223368 0.102362204724 0.897637795276 
17.7827941004 1.5 292 0.00687285223368 0.110236220472 0.889763779528 
17.7827941004 2.0 369 0.00687285223368 0.102362204724 0.897637795276 
17.7827941004 2.5 423 0.00801832760596 0.11811023622 0.88188976378 
17.7827941004 3.0 461 0.00916380297824 0.125984251969 0.874015748031 
17.7827941004 3.5 504 0.0103092783505 0.133858267717 0.866141732283 
17.7827941004 4.0 531 0.0103092783505 0.141732283465 0.858267716535 
17.7827941004 4.5 540 0.0103092783505 0.149606299213 0.850393700787 
17.7827941004 5.0 556 0.0103092783505 0.173228346457 0.826771653543 
17.7827941004 5.5 577 0.00916380297824 0.181102362205 0.818897637795 
17.7827941004 6.0 607 0.0103092783505 0.188976377953 0.811023622047 
31.6227766017 1.0 196 0.00687285223368 0.102362204724 0.897637795276 
31.6227766017 1.5 298 0.00687285223368 0.110236220472 0.889763779528 
31.6227766017 2.0 352 0.00687285223368 0.125984251969 0.874015748031 
31.6227766017 2.5 411 0.0103092783505 0.133858267717 0.866141732283 
31.6227766017 3.0 457 0.0103092783505 0.141732283465 0.858267716535 
31.6227766017 3.5 489 0.0114547537228 0.149606299213 0.850393700787 
31.6227766017 4.0 514 0.0114547537228 0.181102362205 0.818897637795 
31.6227766017 4.5 536 0.0103092783505 0.196850393701 0.803149606299 
31.6227766017 5.0 552 0.0103092783505 0.188976377953 0.811023622047 
31.6227766017 5.5 569 0.0103092783505 0.204724409449 0.795275590551 
31.6227766017 6.0 611 0.0103092783505 0.196850393701 0.803149606299 
56.234132519 1.0 179 0.00687285223368 0.110236220472 0.889763779528 
56.234132519 1.5 253 0.00801832760596 0.125984251969 0.874015748031 
56.234132519 2.0 323 0.00916380297824 0.141732283465 0.858267716535 
56.234132519 2.5 402 0.0103092783505 0.157480314961 0.842519685039 
56.234132519 3.0 452 0.0114547537228 0.165354330709 0.834645669291 
56.234132519 3.5 494 0.0114547537228 0.196850393701 0.803149606299 
56.234132519 4.0 513 0.0103092783505 0.196850393701 0.803149606299 
56.234132519 4.5 535 0.0103092783505 0.196850393701 0.803149606299 
56.234132519 5.0 547 0.0103092783505 0.196850393701 0.803149606299 
56.234132519 5.5 560 0.0103092783505 0.196850393701 0.803149606299 
56.234132519 6.0 597 0.0103092783505 0.196850393701 0.803149606299 
100.0 1.0 48 0.00801832760596 0.110236220472 0.889763779528 
100.0 1.5 52 0.00916380297824 0.141732283465 0.858267716535 
100.0 2.0 245 0.0103092783505 0.157480314961 0.842519685039 
100.0 2.5 405 0.0103092783505 0.165354330709 0.834645669291 
100.0 3.0 456 0.0126002290951 0.196850393701 0.803149606299 
100.0 3.5 484 0.0103092783505 0.188976377953 0.811023622047 
100.0 4.0 504 0.0103092783505 0.196850393701 0.803149606299 
100.0 4.5 533 0.0103092783505 0.196850393701 0.803149606299 
100.0 5.0 548 0.0114547537228 0.204724409449 0.795275590551 
100.0 5.5 556 0.0114547537228 0.188976377953 0.811023622047 
100.0 6.0 595 0.0126002290951 0.188976377953 0.811023622047 
