0.001 1.0 258 0.0 1.0 0.0 
0.001 1.5 259 0.0 1.0 0.0 
0.001 2.0 260 0.0 1.0 0.0 
0.001 2.5 261 0.0 1.0 0.0 
0.001 3.0 260 0.0 1.0 0.0 
0.001 3.5 263 0.0 1.0 0.0 
0.001 4.0 265 0.0 1.0 0.0 
0.001 4.5 269 0.0 1.0 0.0 
0.001 5.0 268 0.0 1.0 0.0 
0.001 5.5 268 0.0 1.0 0.0 
0.001 6.0 267 0.0 1.0 0.0 
0.00177827941004 1.0 266 0.0 1.0 0.0 
0.00177827941004 1.5 271 0.0 1.0 0.0 
0.00177827941004 2.0 271 0.0 1.0 0.0 
0.00177827941004 2.5 283 0.0 1.0 0.0 
0.00177827941004 3.0 285 0.0 1.0 0.0 
0.00177827941004 3.5 308 0.0 1.0 0.0 
0.00177827941004 4.0 320 0.0 1.0 0.0 
0.00177827941004 4.5 345 0.0 1.0 0.0 
0.00177827941004 5.0 356 0.0 1.0 0.0 
0.00177827941004 5.5 360 0.0 1.0 0.0 
0.00177827941004 6.0 359 0.0 1.0 0.0 
0.00316227766017 1.0 279 0.0 1.0 0.0 
0.00316227766017 1.5 289 0.0 1.0 0.0 
0.00316227766017 2.0 298 0.0 1.0 0.0 
0.00316227766017 2.5 329 0.0 1.0 0.0 
0.00316227766017 3.0 345 0.0 1.0 0.0 
0.00316227766017 3.5 362 0.0 1.0 0.0 
0.00316227766017 4.0 373 0.0 1.0 0.0 
0.00316227766017 4.5 382 0.0 1.0 0.0 
0.00316227766017 5.0 393 0.0 1.0 0.0 
0.00316227766017 5.5 401 0.0 1.0 0.0 
0.00316227766017 6.0 412 0.0 1.0 0.0 
0.0056234132519 1.0 294 0.0 1.0 0.0 
0.0056234132519 1.5 314 0.0 1.0 0.0 
0.0056234132519 2.0 339 0.0 1.0 0.0 
0.0056234132519 2.5 360 0.0 1.0 0.0 
0.0056234132519 3.0 390 0.0 1.0 0.0 
0.0056234132519 3.5 404 0.0 1.0 0.0 
0.0056234132519 4.0 428 0.0 1.0 0.0 
0.0056234132519 4.5 438 0.0 1.0 0.0 
0.0056234132519 5.0 450 0.0 1.0 0.0 
0.0056234132519 5.5 463 0.0 1.0 0.0 
0.0056234132519 6.0 486 0.0 1.0 0.0 
0.01 1.0 314 0.0 1.0 0.0 
0.01 1.5 356 0.0 1.0 0.0 
0.01 2.0 381 0.0 1.0 0.0 
0.01 2.5 414 0.0 1.0 0.0 
0.01 3.0 431 0.0 1.0 0.0 
0.01 3.5 460 0.0 1.0 0.0 
0.01 4.0 486 0.0 1.0 0.0 
0.01 4.5 492 0.0 1.0 0.0 
0.01 5.0 521 0.0 1.0 0.0 
0.01 5.5 526 0.0 1.0 0.0 
0.01 6.0 556 0.0 1.0 0.0 
0.0177827941004 1.0 360 0.0 1.0 0.0 
0.0177827941004 1.5 390 0.0 1.0 0.0 
0.0177827941004 2.0 411 0.0 1.0 0.0 
0.0177827941004 2.5 453 0.0 1.0 0.0 
0.0177827941004 3.0 487 0.0 1.0 0.0 
0.0177827941004 3.5 513 0.0 1.0 0.0 
0.0177827941004 4.0 533 0.0 1.0 0.0 
0.0177827941004 4.5 560 0.0 1.0 0.0 
0.0177827941004 5.0 572 0.0 1.0 0.0 
0.0177827941004 5.5 596 0.0 1.0 0.0 
0.0177827941004 6.0 615 0.0 1.0 0.0 
0.0316227766017 1.0 366 0.0 0.887096774194 0.112903225806 
0.0316227766017 1.5 408 0.0 1.0 0.0 
0.0316227766017 2.0 458 0.0 1.0 0.0 
0.0316227766017 2.5 503 0.0 1.0 0.0 
0.0316227766017 3.0 518 0.0 1.0 0.0 
0.0316227766017 3.5 548 0.0 1.0 0.0 
0.0316227766017 4.0 592 0.0 1.0 0.0 
0.0316227766017 4.5 595 0.0 1.0 0.0 
0.0316227766017 5.0 610 0.0 1.0 0.0 
0.0316227766017 5.5 644 0.0 1.0 0.0 
0.0316227766017 6.0 661 0.0 1.0 0.0 
0.056234132519 1.0 370 0.0 0.435483870968 0.564516129032 
0.056234132519 1.5 456 0.0 0.620967741935 0.379032258065 
0.056234132519 2.0 509 0.0 0.903225806452 0.0967741935484 
0.056234132519 2.5 521 0.0 0.983870967742 0.0161290322581 
0.056234132519 3.0 571 0.0 1.0 0.0 
0.056234132519 3.5 598 0.0 1.0 0.0 
0.056234132519 4.0 623 0.0 1.0 0.0 
0.056234132519 4.5 635 0.0 1.0 0.0 
0.056234132519 5.0 649 0.0 1.0 0.0 
0.056234132519 5.5 666 0.0 1.0 0.0 
0.056234132519 6.0 680 0.0 1.0 0.0 
0.1 1.0 355 0.0 0.153225806452 0.846774193548 
0.1 1.5 455 0.0 0.282258064516 0.717741935484 
0.1 2.0 505 0.0 0.387096774194 0.612903225806 
0.1 2.5 549 0.0 0.491935483871 0.508064516129 
0.1 3.0 587 0.0 0.620967741935 0.379032258065 
0.1 3.5 588 0.0 0.790322580645 0.209677419355 
0.1 4.0 636 0.0 0.895161290323 0.104838709677 
0.1 4.5 641 0.0 0.927419354839 0.0725806451613 
0.1 5.0 661 0.0 0.975806451613 0.0241935483871 
0.1 5.5 673 0.0 1.0 0.0 
0.1 6.0 690 0.0 1.0 0.0 
0.177827941004 1.0 314 0.00228310502283 0.0564516129032 0.943548387097 
0.177827941004 1.5 423 0.00114155251142 0.0725806451613 0.927419354839 
0.177827941004 2.0 498 0.0 0.112903225806 0.887096774194 
0.177827941004 2.5 545 0.0 0.161290322581 0.838709677419 
0.177827941004 3.0 587 0.0 0.241935483871 0.758064516129 
0.177827941004 3.5 608 0.0 0.290322580645 0.709677419355 
0.177827941004 4.0 634 0.0 0.354838709677 0.645161290323 
0.177827941004 4.5 645 0.0 0.387096774194 0.612903225806 
0.177827941004 5.0 662 0.0 0.508064516129 0.491935483871 
0.177827941004 5.5 682 0.0 0.629032258065 0.370967741935 
0.177827941004 6.0 698 0.0 0.693548387097 0.306451612903 
0.316227766017 1.0 284 0.00342465753425 0.0564516129032 0.943548387097 
0.316227766017 1.5 400 0.00456621004566 0.0564516129032 0.943548387097 
0.316227766017 2.0 458 0.00456621004566 0.0564516129032 0.943548387097 
0.316227766017 2.5 514 0.00342465753425 0.0645161290323 0.935483870968 
0.316227766017 3.0 554 0.00114155251142 0.0967741935484 0.903225806452 
0.316227766017 3.5 592 0.00114155251142 0.104838709677 0.895161290323 
0.316227766017 4.0 617 0.00114155251142 0.104838709677 0.895161290323 
0.316227766017 4.5 631 0.00114155251142 0.129032258065 0.870967741935 
0.316227766017 5.0 660 0.0 0.145161290323 0.854838709677 
0.316227766017 5.5 669 0.0 0.153225806452 0.846774193548 
0.316227766017 6.0 689 0.0 0.209677419355 0.790322580645 
0.56234132519 1.0 261 0.00570776255708 0.0403225806452 0.959677419355 
0.56234132519 1.5 386 0.00570776255708 0.0403225806452 0.959677419355 
0.56234132519 2.0 446 0.00570776255708 0.0483870967742 0.951612903226 
0.56234132519 2.5 488 0.00456621004566 0.0403225806452 0.959677419355 
0.56234132519 3.0 535 0.00456621004566 0.0403225806452 0.959677419355 
0.56234132519 3.5 555 0.00342465753425 0.0403225806452 0.959677419355 
0.56234132519 4.0 581 0.00228310502283 0.0483870967742 0.951612903226 
0.56234132519 4.5 594 0.00114155251142 0.0645161290323 0.935483870968 
0.56234132519 5.0 621 0.00114155251142 0.0645161290323 0.935483870968 
0.56234132519 5.5 650 0.00114155251142 0.104838709677 0.895161290323 
0.56234132519 6.0 660 0.00114155251142 0.104838709677 0.895161290323 
1.0 1.0 252 0.00456621004566 0.0403225806452 0.959677419355 
1.0 1.5 351 0.00570776255708 0.0403225806452 0.959677419355 
1.0 2.0 425 0.00456621004566 0.0403225806452 0.959677419355 
1.0 2.5 460 0.00456621004566 0.0322580645161 0.967741935484 
1.0 3.0 501 0.00456621004566 0.0322580645161 0.967741935484 
1.0 3.5 537 0.00570776255708 0.0322580645161 0.967741935484 
1.0 4.0 559 0.00570776255708 0.0322580645161 0.967741935484 
1.0 4.5 579 0.00456621004566 0.0322580645161 0.967741935484 
1.0 5.0 599 0.00342465753425 0.0403225806452 0.959677419355 
1.0 5.5 620 0.00342465753425 0.0564516129032 0.943548387097 
1.0 6.0 631 0.00342465753425 0.0806451612903 0.91935483871 
1.77827941004 1.0 226 0.00456621004566 0.0403225806452 0.959677419355 
1.77827941004 1.5 331 0.00456621004566 0.0241935483871 0.975806451613 
1.77827941004 2.0 396 0.00456621004566 0.0241935483871 0.975806451613 
1.77827941004 2.5 456 0.00570776255708 0.0161290322581 0.983870967742 
1.77827941004 3.0 495 0.00456621004566 0.0161290322581 0.983870967742 
1.77827941004 3.5 517 0.00456621004566 0.0161290322581 0.983870967742 
1.77827941004 4.0 550 0.00456621004566 0.0241935483871 0.975806451613 
1.77827941004 4.5 557 0.00456621004566 0.0241935483871 0.975806451613 
1.77827941004 5.0 596 0.00456621004566 0.0241935483871 0.975806451613 
1.77827941004 5.5 616 0.00456621004566 0.0483870967742 0.951612903226 
1.77827941004 6.0 621 0.00456621004566 0.0564516129032 0.943548387097 
3.16227766017 1.0 212 0.00456621004566 0.0241935483871 0.975806451613 
3.16227766017 1.5 319 0.00456621004566 0.0241935483871 0.975806451613 
3.16227766017 2.0 396 0.00342465753425 0.0241935483871 0.975806451613 
3.16227766017 2.5 441 0.00456621004566 0.0241935483871 0.975806451613 
3.16227766017 3.0 481 0.00456621004566 0.0241935483871 0.975806451613 
3.16227766017 3.5 514 0.00456621004566 0.0161290322581 0.983870967742 
3.16227766017 4.0 537 0.00456621004566 0.0322580645161 0.967741935484 
3.16227766017 4.5 555 0.00456621004566 0.0322580645161 0.967741935484 
3.16227766017 5.0 580 0.00456621004566 0.0322580645161 0.967741935484 
3.16227766017 5.5 596 0.00456621004566 0.0403225806452 0.959677419355 
3.16227766017 6.0 608 0.00456621004566 0.0483870967742 0.951612903226 
5.6234132519 1.0 193 0.00342465753425 0.0322580645161 0.967741935484 
5.6234132519 1.5 328 0.00342465753425 0.0322580645161 0.967741935484 
5.6234132519 2.0 380 0.00456621004566 0.0322580645161 0.967741935484 
5.6234132519 2.5 425 0.00456621004566 0.0241935483871 0.975806451613 
5.6234132519 3.0 481 0.00456621004566 0.0161290322581 0.983870967742 
5.6234132519 3.5 510 0.00456621004566 0.0161290322581 0.983870967742 
5.6234132519 4.0 522 0.00456621004566 0.0322580645161 0.967741935484 
5.6234132519 4.5 537 0.00456621004566 0.0322580645161 0.967741935484 
5.6234132519 5.0 567 0.00570776255708 0.0322580645161 0.967741935484 
5.6234132519 5.5 588 0.00570776255708 0.0403225806452 0.959677419355 
5.6234132519 6.0 600 0.00570776255708 0.0483870967742 0.951612903226 
10.0 1.0 163 0.00342465753425 0.0241935483871 0.975806451613 
10.0 1.5 290 0.00570776255708 0.0241935483871 0.975806451613 
10.0 2.0 376 0.00456621004566 0.0241935483871 0.975806451613 
10.0 2.5 401 0.00570776255708 0.0161290322581 0.983870967742 
10.0 3.0 472 0.00570776255708 0.0161290322581 0.983870967742 
10.0 3.5 496 0.00684931506849 0.0161290322581 0.983870967742 
10.0 4.0 524 0.00684931506849 0.0322580645161 0.967741935484 
10.0 4.5 539 0.00684931506849 0.0322580645161 0.967741935484 
10.0 5.0 566 0.00684931506849 0.0322580645161 0.967741935484 
10.0 5.5 584 0.00684931506849 0.0403225806452 0.959677419355 
10.0 6.0 600 0.00684931506849 0.0483870967742 0.951612903226 
17.7827941004 1.0 127 0.00684931506849 0.0161290322581 0.983870967742 
17.7827941004 1.5 282 0.00684931506849 0.0161290322581 0.983870967742 
17.7827941004 2.0 362 0.00684931506849 0.0161290322581 0.983870967742 
17.7827941004 2.5 383 0.00684931506849 0.0161290322581 0.983870967742 
17.7827941004 3.0 453 0.00684931506849 0.0161290322581 0.983870967742 
17.7827941004 3.5 493 0.00684931506849 0.0161290322581 0.983870967742 
17.7827941004 4.0 524 0.00684931506849 0.0322580645161 0.967741935484 
17.7827941004 4.5 528 0.00684931506849 0.0322580645161 0.967741935484 
17.7827941004 5.0 569 0.00684931506849 0.0322580645161 0.967741935484 
17.7827941004 5.5 581 0.00684931506849 0.0403225806452 0.959677419355 
17.7827941004 6.0 600 0.00684931506849 0.0483870967742 0.951612903226 
31.6227766017 1.0 30 0.00684931506849 0.0161290322581 0.983870967742 
31.6227766017 1.5 259 0.00684931506849 0.0161290322581 0.983870967742 
31.6227766017 2.0 353 0.00684931506849 0.0161290322581 0.983870967742 
31.6227766017 2.5 414 0.00684931506849 0.0161290322581 0.983870967742 
31.6227766017 3.0 469 0.00684931506849 0.0161290322581 0.983870967742 
31.6227766017 3.5 490 0.00684931506849 0.0161290322581 0.983870967742 
31.6227766017 4.0 524 0.00684931506849 0.0322580645161 0.967741935484 
31.6227766017 4.5 528 0.00684931506849 0.0322580645161 0.967741935484 
31.6227766017 5.0 569 0.00684931506849 0.0322580645161 0.967741935484 
31.6227766017 5.5 581 0.00684931506849 0.0403225806452 0.959677419355 
31.6227766017 6.0 600 0.00684931506849 0.0483870967742 0.951612903226 
56.234132519 1.0 25 0.00684931506849 0.0161290322581 0.983870967742 
56.234132519 1.5 270 0.00684931506849 0.0161290322581 0.983870967742 
56.234132519 2.0 353 0.00684931506849 0.0161290322581 0.983870967742 
56.234132519 2.5 414 0.00684931506849 0.0161290322581 0.983870967742 
56.234132519 3.0 469 0.00684931506849 0.0161290322581 0.983870967742 
56.234132519 3.5 490 0.00684931506849 0.0161290322581 0.983870967742 
56.234132519 4.0 524 0.00684931506849 0.0322580645161 0.967741935484 
56.234132519 4.5 528 0.00684931506849 0.0322580645161 0.967741935484 
56.234132519 5.0 569 0.00684931506849 0.0322580645161 0.967741935484 
56.234132519 5.5 581 0.00684931506849 0.0403225806452 0.959677419355 
56.234132519 6.0 600 0.00684931506849 0.0483870967742 0.951612903226 
100.0 1.0 26 0.00684931506849 0.0241935483871 0.975806451613 
100.0 1.5 270 0.00684931506849 0.0161290322581 0.983870967742 
100.0 2.0 353 0.00684931506849 0.0161290322581 0.983870967742 
100.0 2.5 414 0.00684931506849 0.0161290322581 0.983870967742 
100.0 3.0 469 0.00684931506849 0.0161290322581 0.983870967742 
100.0 3.5 490 0.00684931506849 0.0161290322581 0.983870967742 
100.0 4.0 524 0.00684931506849 0.0322580645161 0.967741935484 
100.0 4.5 528 0.00684931506849 0.0322580645161 0.967741935484 
100.0 5.0 569 0.00684931506849 0.0322580645161 0.967741935484 
100.0 5.5 581 0.00684931506849 0.0403225806452 0.959677419355 
100.0 6.0 600 0.00684931506849 0.0483870967742 0.951612903226 
