0.001 1.0 258 0.0 1.0 0.0 
0.001 1.5 262 0.0 1.0 0.0 
0.001 2.0 262 0.0 1.0 0.0 
0.001 2.5 262 0.0 1.0 0.0 
0.001 3.0 263 0.0 1.0 0.0 
0.001 3.5 267 0.0 1.0 0.0 
0.001 4.0 267 0.0 1.0 0.0 
0.001 4.5 268 0.0 1.0 0.0 
0.001 5.0 268 0.0 1.0 0.0 
0.001 5.5 267 0.0 1.0 0.0 
0.001 6.0 266 0.0 1.0 0.0 
0.00177827941004 1.0 268 0.0 1.0 0.0 
0.00177827941004 1.5 270 0.0 1.0 0.0 
0.00177827941004 2.0 284 0.0 1.0 0.0 
0.00177827941004 2.5 281 0.0 1.0 0.0 
0.00177827941004 3.0 297 0.0 1.0 0.0 
0.00177827941004 3.5 302 0.0 1.0 0.0 
0.00177827941004 4.0 326 0.0 1.0 0.0 
0.00177827941004 4.5 351 0.0 1.0 0.0 
0.00177827941004 5.0 353 0.0 1.0 0.0 
0.00177827941004 5.5 355 0.0 1.0 0.0 
0.00177827941004 6.0 356 0.0 1.0 0.0 
0.00316227766017 1.0 279 0.0 1.0 0.0 
0.00316227766017 1.5 290 0.0 1.0 0.0 
0.00316227766017 2.0 310 0.0 1.0 0.0 
0.00316227766017 2.5 330 0.0 1.0 0.0 
0.00316227766017 3.0 349 0.0 1.0 0.0 
0.00316227766017 3.5 367 0.0 1.0 0.0 
0.00316227766017 4.0 366 0.0 1.0 0.0 
0.00316227766017 4.5 374 0.0 1.0 0.0 
0.00316227766017 5.0 387 0.0 1.0 0.0 
0.00316227766017 5.5 402 0.0 1.0 0.0 
0.00316227766017 6.0 401 0.0 1.0 0.0 
0.0056234132519 1.0 299 0.0 1.0 0.0 
0.0056234132519 1.5 320 0.0 1.0 0.0 
0.0056234132519 2.0 344 0.0 1.0 0.0 
0.0056234132519 2.5 365 0.0 1.0 0.0 
0.0056234132519 3.0 384 0.0 1.0 0.0 
0.0056234132519 3.5 407 0.0 1.0 0.0 
0.0056234132519 4.0 428 0.0 1.0 0.0 
0.0056234132519 4.5 439 0.0 1.0 0.0 
0.0056234132519 5.0 462 0.0 1.0 0.0 
0.0056234132519 5.5 466 0.0 1.0 0.0 
0.0056234132519 6.0 481 0.0 1.0 0.0 
0.01 1.0 318 0.0 1.0 0.0 
0.01 1.5 362 0.0 1.0 0.0 
0.01 2.0 371 0.0 1.0 0.0 
0.01 2.5 411 0.0 1.0 0.0 
0.01 3.0 422 0.0 1.0 0.0 
0.01 3.5 443 0.0 1.0 0.0 
0.01 4.0 485 0.0 1.0 0.0 
0.01 4.5 500 0.0 1.0 0.0 
0.01 5.0 514 0.0 1.0 0.0 
0.01 5.5 530 0.0 1.0 0.0 
0.01 6.0 547 0.0 1.0 0.0 
0.0177827941004 1.0 341 0.0 1.0 0.0 
0.0177827941004 1.5 392 0.0 1.0 0.0 
0.0177827941004 2.0 425 0.0 1.0 0.0 
0.0177827941004 2.5 451 0.0 1.0 0.0 
0.0177827941004 3.0 477 0.0 1.0 0.0 
0.0177827941004 3.5 507 0.0 1.0 0.0 
0.0177827941004 4.0 541 0.0 1.0 0.0 
0.0177827941004 4.5 550 0.0 1.0 0.0 
0.0177827941004 5.0 569 0.0 1.0 0.0 
0.0177827941004 5.5 590 0.0 1.0 0.0 
0.0177827941004 6.0 602 0.0 1.0 0.0 
0.0316227766017 1.0 371 0.0 0.982300884956 0.0176991150442 
0.0316227766017 1.5 416 0.0 1.0 0.0 
0.0316227766017 2.0 454 0.0 1.0 0.0 
0.0316227766017 2.5 476 0.0 1.0 0.0 
0.0316227766017 3.0 522 0.0 1.0 0.0 
0.0316227766017 3.5 547 0.0 1.0 0.0 
0.0316227766017 4.0 584 0.0 1.0 0.0 
0.0316227766017 4.5 590 0.0 1.0 0.0 
0.0316227766017 5.0 612 0.0 1.0 0.0 
0.0316227766017 5.5 636 0.0 1.0 0.0 
0.0316227766017 6.0 634 0.0 1.0 0.0 
0.056234132519 1.0 395 0.0 0.451327433628 0.548672566372 
0.056234132519 1.5 466 0.0 0.672566371681 0.327433628319 
0.056234132519 2.0 497 0.0 0.973451327434 0.0265486725664 
0.056234132519 2.5 509 0.0 1.0 0.0 
0.056234132519 3.0 557 0.0 1.0 0.0 
0.056234132519 3.5 571 0.0 1.0 0.0 
0.056234132519 4.0 611 0.0 1.0 0.0 
0.056234132519 4.5 612 0.0 1.0 0.0 
0.056234132519 5.0 626 0.0 1.0 0.0 
0.056234132519 5.5 651 0.0 1.0 0.0 
0.056234132519 6.0 649 0.0 1.0 0.0 
0.1 1.0 366 0.00563697857948 0.16814159292 0.83185840708 
0.1 1.5 463 0.00225479143179 0.212389380531 0.787610619469 
0.1 2.0 509 0.0011273957159 0.336283185841 0.663716814159 
0.1 2.5 531 0.0 0.513274336283 0.486725663717 
0.1 3.0 571 0.0 0.619469026549 0.380530973451 
0.1 3.5 590 0.0 0.849557522124 0.150442477876 
0.1 4.0 611 0.0 0.955752212389 0.0442477876106 
0.1 4.5 626 0.0 0.991150442478 0.00884955752212 
0.1 5.0 635 0.0 1.0 0.0 
0.1 5.5 646 0.0 1.0 0.0 
0.1 6.0 671 0.0 1.0 0.0 
0.177827941004 1.0 326 0.00676437429538 0.0884955752212 0.911504424779 
0.177827941004 1.5 413 0.00676437429538 0.0884955752212 0.911504424779 
0.177827941004 2.0 505 0.00676437429538 0.115044247788 0.884955752212 
0.177827941004 2.5 539 0.00338218714769 0.150442477876 0.849557522124 
0.177827941004 3.0 562 0.00338218714769 0.16814159292 0.83185840708 
0.177827941004 3.5 597 0.00225479143179 0.221238938053 0.778761061947 
0.177827941004 4.0 608 0.00225479143179 0.309734513274 0.690265486726 
0.177827941004 4.5 624 0.0011273957159 0.389380530973 0.610619469027 
0.177827941004 5.0 645 0.0 0.486725663717 0.513274336283 
0.177827941004 5.5 652 0.0 0.592920353982 0.407079646018 
0.177827941004 6.0 673 0.0 0.716814159292 0.283185840708 
0.316227766017 1.0 298 0.00901916572717 0.0442477876106 0.955752212389 
0.316227766017 1.5 379 0.00676437429538 0.0442477876106 0.955752212389 
0.316227766017 2.0 445 0.00676437429538 0.0619469026549 0.938053097345 
0.316227766017 2.5 506 0.00676437429538 0.070796460177 0.929203539823 
0.316227766017 3.0 537 0.00676437429538 0.0884955752212 0.911504424779 
0.316227766017 3.5 567 0.00676437429538 0.0973451327434 0.902654867257 
0.316227766017 4.0 591 0.00563697857948 0.106194690265 0.893805309735 
0.316227766017 4.5 610 0.00563697857948 0.115044247788 0.884955752212 
0.316227766017 5.0 630 0.00450958286359 0.12389380531 0.87610619469 
0.316227766017 5.5 656 0.00450958286359 0.132743362832 0.867256637168 
0.316227766017 6.0 665 0.00450958286359 0.141592920354 0.858407079646 
0.56234132519 1.0 272 0.011273957159 0.0530973451327 0.946902654867 
0.56234132519 1.5 354 0.011273957159 0.0442477876106 0.955752212389 
0.56234132519 2.0 430 0.0101465614431 0.0530973451327 0.946902654867 
0.56234132519 2.5 480 0.0101465614431 0.0530973451327 0.946902654867 
0.56234132519 3.0 514 0.0101465614431 0.0530973451327 0.946902654867 
0.56234132519 3.5 549 0.00901916572717 0.0619469026549 0.938053097345 
0.56234132519 4.0 568 0.00901916572717 0.0619469026549 0.938053097345 
0.56234132519 4.5 578 0.00789177001127 0.0796460176991 0.920353982301 
0.56234132519 5.0 614 0.00676437429538 0.0796460176991 0.920353982301 
0.56234132519 5.5 628 0.00563697857948 0.106194690265 0.893805309735 
0.56234132519 6.0 651 0.00563697857948 0.106194690265 0.893805309735 
1.0 1.0 251 0.011273957159 0.0619469026549 0.938053097345 
1.0 1.5 328 0.0124013528749 0.0530973451327 0.946902654867 
1.0 2.0 400 0.011273957159 0.0619469026549 0.938053097345 
1.0 2.5 454 0.011273957159 0.070796460177 0.929203539823 
1.0 3.0 501 0.0101465614431 0.070796460177 0.929203539823 
1.0 3.5 521 0.00901916572717 0.070796460177 0.929203539823 
1.0 4.0 539 0.00901916572717 0.070796460177 0.929203539823 
1.0 4.5 560 0.00901916572717 0.070796460177 0.929203539823 
1.0 5.0 592 0.00901916572717 0.070796460177 0.929203539823 
1.0 5.5 609 0.00901916572717 0.070796460177 0.929203539823 
1.0 6.0 624 0.0101465614431 0.0796460176991 0.920353982301 
1.77827941004 1.0 235 0.0101465614431 0.070796460177 0.929203539823 
1.77827941004 1.5 312 0.00901916572717 0.0619469026549 0.938053097345 
1.77827941004 2.0 388 0.0101465614431 0.070796460177 0.929203539823 
1.77827941004 2.5 424 0.011273957159 0.0619469026549 0.938053097345 
1.77827941004 3.0 481 0.011273957159 0.0619469026549 0.938053097345 
1.77827941004 3.5 502 0.011273957159 0.0619469026549 0.938053097345 
1.77827941004 4.0 531 0.011273957159 0.0619469026549 0.938053097345 
1.77827941004 4.5 555 0.011273957159 0.0530973451327 0.946902654867 
1.77827941004 5.0 583 0.011273957159 0.0530973451327 0.946902654867 
1.77827941004 5.5 597 0.011273957159 0.0530973451327 0.946902654867 
1.77827941004 6.0 622 0.011273957159 0.070796460177 0.929203539823 
3.16227766017 1.0 219 0.011273957159 0.0530973451327 0.946902654867 
3.16227766017 1.5 307 0.0124013528749 0.0442477876106 0.955752212389 
3.16227766017 2.0 365 0.011273957159 0.0530973451327 0.946902654867 
3.16227766017 2.5 434 0.011273957159 0.0530973451327 0.946902654867 
3.16227766017 3.0 461 0.011273957159 0.0442477876106 0.955752212389 
3.16227766017 3.5 494 0.0124013528749 0.0442477876106 0.955752212389 
3.16227766017 4.0 521 0.011273957159 0.0530973451327 0.946902654867 
3.16227766017 4.5 535 0.011273957159 0.0530973451327 0.946902654867 
3.16227766017 5.0 570 0.011273957159 0.0442477876106 0.955752212389 
3.16227766017 5.5 588 0.0135287485908 0.0442477876106 0.955752212389 
3.16227766017 6.0 599 0.0124013528749 0.0530973451327 0.946902654867 
5.6234132519 1.0 208 0.0124013528749 0.0442477876106 0.955752212389 
5.6234132519 1.5 305 0.011273957159 0.0442477876106 0.955752212389 
5.6234132519 2.0 382 0.0135287485908 0.0442477876106 0.955752212389 
5.6234132519 2.5 424 0.0135287485908 0.0442477876106 0.955752212389 
5.6234132519 3.0 464 0.0135287485908 0.0442477876106 0.955752212389 
5.6234132519 3.5 480 0.0135287485908 0.0530973451327 0.946902654867 
5.6234132519 4.0 517 0.0135287485908 0.0530973451327 0.946902654867 
5.6234132519 4.5 525 0.0135287485908 0.0619469026549 0.938053097345 
5.6234132519 5.0 556 0.0124013528749 0.0619469026549 0.938053097345 
5.6234132519 5.5 575 0.0124013528749 0.070796460177 0.929203539823 
5.6234132519 6.0 599 0.0124013528749 0.070796460177 0.929203539823 
10.0 1.0 216 0.0124013528749 0.0442477876106 0.955752212389 
10.0 1.5 288 0.0124013528749 0.0442477876106 0.955752212389 
10.0 2.0 352 0.0124013528749 0.0530973451327 0.946902654867 
10.0 2.5 412 0.0135287485908 0.0530973451327 0.946902654867 
10.0 3.0 446 0.0135287485908 0.0530973451327 0.946902654867 
10.0 3.5 472 0.0135287485908 0.0530973451327 0.946902654867 
10.0 4.0 504 0.0135287485908 0.0619469026549 0.938053097345 
10.0 4.5 528 0.0124013528749 0.070796460177 0.929203539823 
10.0 5.0 553 0.0124013528749 0.070796460177 0.929203539823 
10.0 5.5 577 0.0124013528749 0.0619469026549 0.938053097345 
10.0 6.0 593 0.0124013528749 0.0530973451327 0.946902654867 
17.7827941004 1.0 169 0.0124013528749 0.0884955752212 0.911504424779 
17.7827941004 1.5 272 0.0124013528749 0.070796460177 0.929203539823 
17.7827941004 2.0 364 0.0135287485908 0.0619469026549 0.938053097345 
17.7827941004 2.5 390 0.0146561443067 0.0619469026549 0.938053097345 
17.7827941004 3.0 439 0.0135287485908 0.0619469026549 0.938053097345 
17.7827941004 3.5 471 0.0135287485908 0.070796460177 0.929203539823 
17.7827941004 4.0 506 0.0135287485908 0.070796460177 0.929203539823 
17.7827941004 4.5 525 0.0124013528749 0.0530973451327 0.946902654867 
17.7827941004 5.0 548 0.0124013528749 0.0619469026549 0.938053097345 
17.7827941004 5.5 572 0.0135287485908 0.0619469026549 0.938053097345 
17.7827941004 6.0 583 0.0135287485908 0.070796460177 0.929203539823 
31.6227766017 1.0 42 0.0124013528749 0.0796460176991 0.920353982301 
31.6227766017 1.5 273 0.011273957159 0.070796460177 0.929203539823 
31.6227766017 2.0 353 0.0135287485908 0.0619469026549 0.938053097345 
31.6227766017 2.5 392 0.0124013528749 0.0619469026549 0.938053097345 
31.6227766017 3.0 438 0.0124013528749 0.070796460177 0.929203539823 
31.6227766017 3.5 461 0.0124013528749 0.070796460177 0.929203539823 
31.6227766017 4.0 492 0.0135287485908 0.070796460177 0.929203539823 
31.6227766017 4.5 513 0.0146561443067 0.070796460177 0.929203539823 
31.6227766017 5.0 545 0.0135287485908 0.0796460176991 0.920353982301 
31.6227766017 5.5 567 0.0135287485908 0.0796460176991 0.920353982301 
31.6227766017 6.0 589 0.0135287485908 0.0796460176991 0.920353982301 
56.234132519 1.0 41 0.0124013528749 0.0796460176991 0.920353982301 
56.234132519 1.5 245 0.0146561443067 0.0884955752212 0.911504424779 
56.234132519 2.0 338 0.0146561443067 0.0884955752212 0.911504424779 
56.234132519 2.5 406 0.0146561443067 0.0796460176991 0.920353982301 
56.234132519 3.0 430 0.0146561443067 0.0796460176991 0.920353982301 
56.234132519 3.5 465 0.0135287485908 0.0796460176991 0.920353982301 
56.234132519 4.0 488 0.0135287485908 0.0796460176991 0.920353982301 
56.234132519 4.5 515 0.0135287485908 0.0884955752212 0.911504424779 
56.234132519 5.0 537 0.0135287485908 0.0884955752212 0.911504424779 
56.234132519 5.5 560 0.0135287485908 0.0884955752212 0.911504424779 
56.234132519 6.0 582 0.0135287485908 0.0884955752212 0.911504424779 
100.0 1.0 37 0.0135287485908 0.0884955752212 0.911504424779 
100.0 1.5 237 0.0146561443067 0.0973451327434 0.902654867257 
100.0 2.0 354 0.0135287485908 0.0884955752212 0.911504424779 
100.0 2.5 379 0.0135287485908 0.0796460176991 0.920353982301 
100.0 3.0 431 0.0135287485908 0.0796460176991 0.920353982301 
100.0 3.5 452 0.0135287485908 0.0884955752212 0.911504424779 
100.0 4.0 481 0.0135287485908 0.0884955752212 0.911504424779 
100.0 4.5 498 0.0135287485908 0.0884955752212 0.911504424779 
100.0 5.0 536 0.0135287485908 0.0884955752212 0.911504424779 
100.0 5.5 556 0.0135287485908 0.0884955752212 0.911504424779 
100.0 6.0 584 0.0135287485908 0.0884955752212 0.911504424779 
