0.001 1.0 264 0.0 1.0 0.0 
0.001 1.5 266 0.0 1.0 0.0 
0.001 2.0 265 0.0 1.0 0.0 
0.001 2.5 267 0.0 1.0 0.0 
0.001 3.0 267 0.0 1.0 0.0 
0.001 3.5 269 0.0 1.0 0.0 
0.001 4.0 270 0.0 1.0 0.0 
0.001 4.5 270 0.0 1.0 0.0 
0.001 5.0 271 0.0 1.0 0.0 
0.001 5.5 271 0.0 1.0 0.0 
0.001 6.0 271 0.0 1.0 0.0 
0.00177827941004 1.0 272 0.0 1.0 0.0 
0.00177827941004 1.5 275 0.0 1.0 0.0 
0.00177827941004 2.0 283 0.0 1.0 0.0 
0.00177827941004 2.5 293 0.0 1.0 0.0 
0.00177827941004 3.0 304 0.0 1.0 0.0 
0.00177827941004 3.5 314 0.0 1.0 0.0 
0.00177827941004 4.0 325 0.0 1.0 0.0 
0.00177827941004 4.5 347 0.0 1.0 0.0 
0.00177827941004 5.0 359 0.0 1.0 0.0 
0.00177827941004 5.5 374 0.0 1.0 0.0 
0.00177827941004 6.0 377 0.0 1.0 0.0 
0.00316227766017 1.0 282 0.0 1.0 0.0 
0.00316227766017 1.5 294 0.0 1.0 0.0 
0.00316227766017 2.0 312 0.0 1.0 0.0 
0.00316227766017 2.5 330 0.0 1.0 0.0 
0.00316227766017 3.0 353 0.0 1.0 0.0 
0.00316227766017 3.5 369 0.0 1.0 0.0 
0.00316227766017 4.0 384 0.0 1.0 0.0 
0.00316227766017 4.5 390 0.0 1.0 0.0 
0.00316227766017 5.0 399 0.0 1.0 0.0 
0.00316227766017 5.5 405 0.0 1.0 0.0 
0.00316227766017 6.0 413 0.0 1.0 0.0 
0.0056234132519 1.0 294 0.0 1.0 0.0 
0.0056234132519 1.5 325 0.0 1.0 0.0 
0.0056234132519 2.0 340 0.0 1.0 0.0 
0.0056234132519 2.5 379 0.0 1.0 0.0 
0.0056234132519 3.0 399 0.0 1.0 0.0 
0.0056234132519 3.5 415 0.0 1.0 0.0 
0.0056234132519 4.0 432 0.0 1.0 0.0 
0.0056234132519 4.5 452 0.0 1.0 0.0 
0.0056234132519 5.0 470 0.0 1.0 0.0 
0.0056234132519 5.5 487 0.0 1.0 0.0 
0.0056234132519 6.0 494 0.0 1.0 0.0 
0.01 1.0 321 0.0 1.0 0.0 
0.01 1.5 353 0.0 1.0 0.0 
0.01 2.0 388 0.0 1.0 0.0 
0.01 2.5 424 0.0 1.0 0.0 
0.01 3.0 449 0.0 1.0 0.0 
0.01 3.5 456 0.0 1.0 0.0 
0.01 4.0 481 0.0 1.0 0.0 
0.01 4.5 511 0.0 1.0 0.0 
0.01 5.0 527 0.0 1.0 0.0 
0.01 5.5 546 0.0 1.0 0.0 
0.01 6.0 560 0.0 1.0 0.0 
0.0177827941004 1.0 337 0.0 1.0 0.0 
0.0177827941004 1.5 380 0.0 1.0 0.0 
0.0177827941004 2.0 425 0.0 1.0 0.0 
0.0177827941004 2.5 462 0.0 1.0 0.0 
0.0177827941004 3.0 496 0.0 1.0 0.0 
0.0177827941004 3.5 514 0.0 1.0 0.0 
0.0177827941004 4.0 539 0.0 1.0 0.0 
0.0177827941004 4.5 566 0.0 1.0 0.0 
0.0177827941004 5.0 575 0.0 1.0 0.0 
0.0177827941004 5.5 584 0.0 1.0 0.0 
0.0177827941004 6.0 614 0.0 1.0 0.0 
0.0316227766017 1.0 374 0.0 0.880733944954 0.119266055046 
0.0316227766017 1.5 427 0.0 1.0 0.0 
0.0316227766017 2.0 460 0.0 1.0 0.0 
0.0316227766017 2.5 489 0.0 1.0 0.0 
0.0316227766017 3.0 520 0.0 1.0 0.0 
0.0316227766017 3.5 565 0.0 1.0 0.0 
0.0316227766017 4.0 594 0.0 1.0 0.0 
0.0316227766017 4.5 606 0.0 1.0 0.0 
0.0316227766017 5.0 616 0.0 1.0 0.0 
0.0316227766017 5.5 637 0.0 1.0 0.0 
0.0316227766017 6.0 664 0.0 1.0 0.0 
0.056234132519 1.0 385 0.0 0.284403669725 0.715596330275 
0.056234132519 1.5 448 0.0 0.56880733945 0.43119266055 
0.056234132519 2.0 499 0.0 0.862385321101 0.137614678899 
0.056234132519 2.5 525 0.0 1.0 0.0 
0.056234132519 3.0 565 0.0 1.0 0.0 
0.056234132519 3.5 600 0.0 1.0 0.0 
0.056234132519 4.0 613 0.0 1.0 0.0 
0.056234132519 4.5 626 0.0 1.0 0.0 
0.056234132519 5.0 649 0.0 1.0 0.0 
0.056234132519 5.5 664 0.0 1.0 0.0 
0.056234132519 6.0 680 0.0 1.0 0.0 
0.1 1.0 350 0.003367003367 0.0733944954128 0.926605504587 
0.1 1.5 467 0.00112233445567 0.119266055046 0.880733944954 
0.1 2.0 530 0.0 0.201834862385 0.798165137615 
0.1 2.5 544 0.0 0.321100917431 0.678899082569 
0.1 3.0 591 0.0 0.51376146789 0.48623853211 
0.1 3.5 608 0.0 0.688073394495 0.311926605505 
0.1 4.0 632 0.0 0.889908256881 0.110091743119 
0.1 4.5 640 0.0 0.963302752294 0.0366972477064 
0.1 5.0 658 0.0 0.981651376147 0.0183486238532 
0.1 5.5 670 0.0 1.0 0.0 
0.1 6.0 687 0.0 1.0 0.0 
0.177827941004 1.0 321 0.00673400673401 0.0366972477064 0.963302752294 
0.177827941004 1.5 416 0.003367003367 0.0366972477064 0.963302752294 
0.177827941004 2.0 507 0.00224466891134 0.0642201834862 0.935779816514 
0.177827941004 2.5 539 0.00112233445567 0.0733944954128 0.926605504587 
0.177827941004 3.0 597 0.00112233445567 0.100917431193 0.899082568807 
0.177827941004 3.5 628 0.00112233445567 0.128440366972 0.871559633028 
0.177827941004 4.0 628 0.0 0.183486238532 0.816513761468 
0.177827941004 4.5 650 0.0 0.220183486239 0.779816513761 
0.177827941004 5.0 666 0.0 0.357798165138 0.642201834862 
0.177827941004 5.5 676 0.0 0.467889908257 0.532110091743 
0.177827941004 6.0 687 0.0 0.54128440367 0.45871559633 
0.316227766017 1.0 288 0.00785634118967 0.0183486238532 0.981651376147 
0.316227766017 1.5 380 0.00673400673401 0.0275229357798 0.97247706422 
0.316227766017 2.0 473 0.00561167227834 0.0275229357798 0.97247706422 
0.316227766017 2.5 512 0.003367003367 0.0366972477064 0.963302752294 
0.316227766017 3.0 564 0.00224466891134 0.0366972477064 0.963302752294 
0.316227766017 3.5 585 0.00224466891134 0.0550458715596 0.94495412844 
0.316227766017 4.0 600 0.00112233445567 0.0550458715596 0.94495412844 
0.316227766017 4.5 623 0.00112233445567 0.0642201834862 0.935779816514 
0.316227766017 5.0 656 0.00112233445567 0.100917431193 0.899082568807 
0.316227766017 5.5 664 0.00112233445567 0.110091743119 0.889908256881 
0.316227766017 6.0 679 0.00112233445567 0.110091743119 0.889908256881 
0.56234132519 1.0 277 0.00785634118967 0.0183486238532 0.981651376147 
0.56234132519 1.5 344 0.00673400673401 0.0183486238532 0.981651376147 
0.56234132519 2.0 415 0.00561167227834 0.0183486238532 0.981651376147 
0.56234132519 2.5 484 0.00448933782267 0.0183486238532 0.981651376147 
0.56234132519 3.0 513 0.003367003367 0.0183486238532 0.981651376147 
0.56234132519 3.5 548 0.00224466891134 0.0183486238532 0.981651376147 
0.56234132519 4.0 580 0.00224466891134 0.0183486238532 0.981651376147 
0.56234132519 4.5 590 0.00224466891134 0.0183486238532 0.981651376147 
0.56234132519 5.0 623 0.00224466891134 0.0183486238532 0.981651376147 
0.56234132519 5.5 641 0.00224466891134 0.0183486238532 0.981651376147 
0.56234132519 6.0 653 0.00224466891134 0.0275229357798 0.97247706422 
1.0 1.0 251 0.00673400673401 0.0183486238532 0.981651376147 
1.0 1.5 336 0.00561167227834 0.0183486238532 0.981651376147 
1.0 2.0 410 0.00561167227834 0.0183486238532 0.981651376147 
1.0 2.5 453 0.00448933782267 0.0183486238532 0.981651376147 
1.0 3.0 501 0.003367003367 0.00917431192661 0.990825688073 
1.0 3.5 520 0.00224466891134 0.00917431192661 0.990825688073 
1.0 4.0 547 0.00224466891134 0.00917431192661 0.990825688073 
1.0 4.5 569 0.00224466891134 0.00917431192661 0.990825688073 
1.0 5.0 589 0.00224466891134 0.00917431192661 0.990825688073 
1.0 5.5 610 0.00224466891134 0.00917431192661 0.990825688073 
1.0 6.0 633 0.00224466891134 0.00917431192661 0.990825688073 
1.77827941004 1.0 246 0.00561167227834 0.00917431192661 0.990825688073 
1.77827941004 1.5 314 0.003367003367 0.00917431192661 0.990825688073 
1.77827941004 2.0 409 0.003367003367 0.00917431192661 0.990825688073 
1.77827941004 2.5 456 0.00224466891134 0.00917431192661 0.990825688073 
1.77827941004 3.0 487 0.00224466891134 0.00917431192661 0.990825688073 
1.77827941004 3.5 522 0.00224466891134 0.00917431192661 0.990825688073 
1.77827941004 4.0 540 0.00224466891134 0.00917431192661 0.990825688073 
1.77827941004 4.5 558 0.003367003367 0.00917431192661 0.990825688073 
1.77827941004 5.0 582 0.003367003367 0.00917431192661 0.990825688073 
1.77827941004 5.5 597 0.003367003367 0.00917431192661 0.990825688073 
1.77827941004 6.0 619 0.003367003367 0.00917431192661 0.990825688073 
3.16227766017 1.0 215 0.00448933782267 0.0183486238532 0.981651376147 
3.16227766017 1.5 316 0.00224466891134 0.00917431192661 0.990825688073 
3.16227766017 2.0 397 0.00224466891134 0.00917431192661 0.990825688073 
3.16227766017 2.5 438 0.003367003367 0.00917431192661 0.990825688073 
3.16227766017 3.0 476 0.003367003367 0.00917431192661 0.990825688073 
3.16227766017 3.5 504 0.003367003367 0.00917431192661 0.990825688073 
3.16227766017 4.0 535 0.003367003367 0.00917431192661 0.990825688073 
3.16227766017 4.5 548 0.003367003367 0.00917431192661 0.990825688073 
3.16227766017 5.0 578 0.003367003367 0.0183486238532 0.981651376147 
3.16227766017 5.5 599 0.003367003367 0.0183486238532 0.981651376147 
3.16227766017 6.0 620 0.003367003367 0.0183486238532 0.981651376147 
5.6234132519 1.0 214 0.00448933782267 0.00917431192661 0.990825688073 
5.6234132519 1.5 296 0.00448933782267 0.00917431192661 0.990825688073 
5.6234132519 2.0 374 0.003367003367 0.00917431192661 0.990825688073 
5.6234132519 2.5 428 0.003367003367 0.0183486238532 0.981651376147 
5.6234132519 3.0 465 0.003367003367 0.0183486238532 0.981651376147 
5.6234132519 3.5 499 0.003367003367 0.00917431192661 0.990825688073 
5.6234132519 4.0 528 0.00224466891134 0.00917431192661 0.990825688073 
5.6234132519 4.5 547 0.00224466891134 0.00917431192661 0.990825688073 
5.6234132519 5.0 580 0.003367003367 0.00917431192661 0.990825688073 
5.6234132519 5.5 595 0.003367003367 0.00917431192661 0.990825688073 
5.6234132519 6.0 623 0.003367003367 0.00917431192661 0.990825688073 
10.0 1.0 197 0.00448933782267 0.00917431192661 0.990825688073 
10.0 1.5 299 0.00448933782267 0.0183486238532 0.981651376147 
10.0 2.0 366 0.00224466891134 0.00917431192661 0.990825688073 
10.0 2.5 414 0.003367003367 0.00917431192661 0.990825688073 
10.0 3.0 468 0.00224466891134 0.00917431192661 0.990825688073 
10.0 3.5 489 0.00224466891134 0.0183486238532 0.981651376147 
10.0 4.0 508 0.00224466891134 0.0183486238532 0.981651376147 
10.0 4.5 538 0.00224466891134 0.0183486238532 0.981651376147 
10.0 5.0 574 0.003367003367 0.0183486238532 0.981651376147 
10.0 5.5 586 0.003367003367 0.0183486238532 0.981651376147 
10.0 6.0 607 0.003367003367 0.0183486238532 0.981651376147 
17.7827941004 1.0 188 0.003367003367 0.00917431192661 0.990825688073 
17.7827941004 1.5 297 0.003367003367 0.00917431192661 0.990825688073 
17.7827941004 2.0 363 0.003367003367 0.0183486238532 0.981651376147 
17.7827941004 2.5 418 0.00224466891134 0.0183486238532 0.981651376147 
17.7827941004 3.0 471 0.00224466891134 0.0183486238532 0.981651376147 
17.7827941004 3.5 490 0.00224466891134 0.0183486238532 0.981651376147 
17.7827941004 4.0 520 0.00224466891134 0.0275229357798 0.97247706422 
17.7827941004 4.5 529 0.00224466891134 0.0275229357798 0.97247706422 
17.7827941004 5.0 567 0.003367003367 0.0275229357798 0.97247706422 
17.7827941004 5.5 592 0.003367003367 0.0275229357798 0.97247706422 
17.7827941004 6.0 607 0.003367003367 0.0275229357798 0.97247706422 
31.6227766017 1.0 186 0.00224466891134 0.0183486238532 0.981651376147 
31.6227766017 1.5 275 0.003367003367 0.0183486238532 0.981651376147 
31.6227766017 2.0 364 0.003367003367 0.0183486238532 0.981651376147 
31.6227766017 2.5 414 0.00224466891134 0.0183486238532 0.981651376147 
31.6227766017 3.0 448 0.003367003367 0.0183486238532 0.981651376147 
31.6227766017 3.5 480 0.003367003367 0.0183486238532 0.981651376147 
31.6227766017 4.0 513 0.003367003367 0.0275229357798 0.97247706422 
31.6227766017 4.5 531 0.003367003367 0.0275229357798 0.97247706422 
31.6227766017 5.0 565 0.00448933782267 0.0275229357798 0.97247706422 
31.6227766017 5.5 582 0.00448933782267 0.0275229357798 0.97247706422 
31.6227766017 6.0 606 0.00448933782267 0.0275229357798 0.97247706422 
56.234132519 1.0 166 0.00224466891134 0.0183486238532 0.981651376147 
56.234132519 1.5 286 0.003367003367 0.0183486238532 0.981651376147 
56.234132519 2.0 358 0.003367003367 0.0183486238532 0.981651376147 
56.234132519 2.5 418 0.003367003367 0.0183486238532 0.981651376147 
56.234132519 3.0 446 0.003367003367 0.0183486238532 0.981651376147 
56.234132519 3.5 487 0.003367003367 0.0183486238532 0.981651376147 
56.234132519 4.0 511 0.003367003367 0.0275229357798 0.97247706422 
56.234132519 4.5 528 0.003367003367 0.0275229357798 0.97247706422 
56.234132519 5.0 562 0.00448933782267 0.0275229357798 0.97247706422 
56.234132519 5.5 582 0.00448933782267 0.0275229357798 0.97247706422 
56.234132519 6.0 606 0.00448933782267 0.0275229357798 0.97247706422 
100.0 1.0 111 0.003367003367 0.0275229357798 0.97247706422 
100.0 1.5 277 0.003367003367 0.0183486238532 0.981651376147 
100.0 2.0 357 0.003367003367 0.0183486238532 0.981651376147 
100.0 2.5 412 0.003367003367 0.0183486238532 0.981651376147 
100.0 3.0 453 0.003367003367 0.0183486238532 0.981651376147 
100.0 3.5 487 0.003367003367 0.0183486238532 0.981651376147 
100.0 4.0 511 0.003367003367 0.0275229357798 0.97247706422 
100.0 4.5 528 0.003367003367 0.0275229357798 0.97247706422 
100.0 5.0 562 0.00448933782267 0.0275229357798 0.97247706422 
100.0 5.5 582 0.00448933782267 0.0275229357798 0.97247706422 
100.0 6.0 606 0.00448933782267 0.0275229357798 0.97247706422 
