0.001 1.0 979 0.0 1.0 0.0 
0.001 1.5 978 0.0 1.0 0.0 
0.001 2.0 978 0.0 1.0 0.0 
0.001 2.5 979 0.0 1.0 0.0 
0.001 3.0 978 0.0 1.0 0.0 
0.001 3.5 980 0.0 1.0 0.0 
0.001 4.0 978 0.0 1.0 0.0 
0.001 4.5 978 0.0 1.0 0.0 
0.001 5.0 978 0.0 1.0 0.0 
0.001 5.5 979 0.0 1.0 0.0 
0.001 6.0 978 0.0 1.0 0.0 
0.00177827941004 1.0 981 0.0 1.0 0.0 
0.00177827941004 1.5 980 0.0 1.0 0.0 
0.00177827941004 2.0 981 0.0 1.0 0.0 
0.00177827941004 2.5 981 0.0 1.0 0.0 
0.00177827941004 3.0 982 0.0 1.0 0.0 
0.00177827941004 3.5 983 0.0 1.0 0.0 
0.00177827941004 4.0 985 0.0 1.0 0.0 
0.00177827941004 4.5 983 0.0 1.0 0.0 
0.00177827941004 5.0 983 0.0 1.0 0.0 
0.00177827941004 5.5 983 0.0 1.0 0.0 
0.00177827941004 6.0 982 0.0 1.0 0.0 
0.00316227766017 1.0 982 0.0 1.0 0.0 
0.00316227766017 1.5 983 0.0 1.0 0.0 
0.00316227766017 2.0 982 0.0 1.0 0.0 
0.00316227766017 2.5 982 0.0 1.0 0.0 
0.00316227766017 3.0 985 0.0 1.0 0.0 
0.00316227766017 3.5 984 0.0 1.0 0.0 
0.00316227766017 4.0 985 0.0 1.0 0.0 
0.00316227766017 4.5 986 0.0 1.0 0.0 
0.00316227766017 5.0 984 0.0 1.0 0.0 
0.00316227766017 5.5 985 0.0 1.0 0.0 
0.00316227766017 6.0 986 0.0 1.0 0.0 
0.0056234132519 1.0 984 0.0 1.0 0.0 
0.0056234132519 1.5 984 0.0 1.0 0.0 
0.0056234132519 2.0 985 0.0 1.0 0.0 
0.0056234132519 2.5 986 0.0 1.0 0.0 
0.0056234132519 3.0 984 0.0 1.0 0.0 
0.0056234132519 3.5 985 0.0 1.0 0.0 
0.0056234132519 4.0 986 0.0 1.0 0.0 
0.0056234132519 4.5 986 0.0 1.0 0.0 
0.0056234132519 5.0 986 0.0 1.0 0.0 
0.0056234132519 5.5 988 0.0 1.0 0.0 
0.0056234132519 6.0 988 0.0 1.0 0.0 
0.01 1.0 982 0.0 1.0 0.0 
0.01 1.5 985 0.0 1.0 0.0 
0.01 2.0 984 0.0 1.0 0.0 
0.01 2.5 987 0.0 1.0 0.0 
0.01 3.0 986 0.0 1.0 0.0 
0.01 3.5 986 0.0 1.0 0.0 
0.01 4.0 989 0.0 1.0 0.0 
0.01 4.5 987 0.0 1.0 0.0 
0.01 5.0 989 0.0 1.0 0.0 
0.01 5.5 988 0.0 1.0 0.0 
0.01 6.0 989 0.0 1.0 0.0 
0.0177827941004 1.0 982 0.0 0.487179487179 0.512820512821 
0.0177827941004 1.5 985 0.0 1.0 0.0 
0.0177827941004 2.0 984 0.0 1.0 0.0 
0.0177827941004 2.5 987 0.0 1.0 0.0 
0.0177827941004 3.0 986 0.0 1.0 0.0 
0.0177827941004 3.5 986 0.0 1.0 0.0 
0.0177827941004 4.0 988 0.0 1.0 0.0 
0.0177827941004 4.5 989 0.0 1.0 0.0 
0.0177827941004 5.0 990 0.0 1.0 0.0 
0.0177827941004 5.5 989 0.0 1.0 0.0 
0.0177827941004 6.0 989 0.0 1.0 0.0 
0.0316227766017 1.0 976 0.0425963488844 0.0512820512821 0.948717948718 
0.0316227766017 1.5 986 0.00405679513185 0.14201183432 0.85798816568 
0.0316227766017 2.0 985 0.0 0.710059171598 0.289940828402 
0.0316227766017 2.5 987 0.0 0.984220907298 0.0157790927022 
0.0316227766017 3.0 986 0.0 1.0 0.0 
0.0316227766017 3.5 987 0.0 1.0 0.0 
0.0316227766017 4.0 988 0.0 1.0 0.0 
0.0316227766017 4.5 991 0.0 1.0 0.0 
0.0316227766017 5.0 990 0.0 1.0 0.0 
0.0316227766017 5.5 989 0.0 1.0 0.0 
0.0316227766017 6.0 990 0.0 1.0 0.0 
0.056234132519 1.0 767 0.0588235294118 0.0355029585799 0.96449704142 
0.056234132519 1.5 923 0.0567951318458 0.0394477317554 0.960552268245 
0.056234132519 2.0 977 0.0385395537525 0.0493096646943 0.950690335306 
0.056234132519 2.5 987 0.0223123732252 0.0808678500986 0.919132149901 
0.056234132519 3.0 986 0.0101419878296 0.136094674556 0.863905325444 
0.056234132519 3.5 987 0.00202839756592 0.406311637081 0.593688362919 
0.056234132519 4.0 989 0.00202839756592 0.785009861933 0.214990138067 
0.056234132519 4.5 991 0.0 0.92899408284 0.0710059171598 
0.056234132519 5.0 991 0.0 0.98224852071 0.0177514792899 
0.056234132519 5.5 990 0.0 0.990138067061 0.00986193293886 
0.056234132519 6.0 989 0.0 0.998027613412 0.00197238658777 
0.1 1.0 552 0.0567951318458 0.0414201183432 0.958579881657 
0.1 1.5 707 0.0588235294118 0.0414201183432 0.958579881657 
0.1 2.0 806 0.0608519269777 0.0414201183432 0.958579881657 
0.1 2.5 878 0.0567951318458 0.0394477317554 0.960552268245 
0.1 3.0 934 0.052738336714 0.0394477317554 0.960552268245 
0.1 3.5 966 0.0507099391481 0.0453648915187 0.954635108481 
0.1 4.0 981 0.0446247464503 0.0512820512821 0.948717948718 
0.1 4.5 987 0.0344827586207 0.0650887573964 0.934911242604 
0.1 5.0 987 0.0243407707911 0.0828402366864 0.917159763314 
0.1 5.5 990 0.0141987829615 0.118343195266 0.881656804734 
0.1 6.0 990 0.0141987829615 0.173570019724 0.826429980276 
0.177827941004 1.0 409 0.052738336714 0.0414201183432 0.958579881657 
0.177827941004 1.5 527 0.0507099391481 0.0414201183432 0.958579881657 
0.177827941004 2.0 620 0.0507099391481 0.0414201183432 0.958579881657 
0.177827941004 2.5 694 0.052738336714 0.0414201183432 0.958579881657 
0.177827941004 3.0 754 0.0507099391481 0.0394477317554 0.960552268245 
0.177827941004 3.5 805 0.0547667342799 0.0394477317554 0.960552268245 
0.177827941004 4.0 849 0.0547667342799 0.0414201183432 0.958579881657 
0.177827941004 4.5 881 0.0547667342799 0.0394477317554 0.960552268245 
0.177827941004 5.0 909 0.0547667342799 0.0414201183432 0.958579881657 
0.177827941004 5.5 930 0.0547667342799 0.0453648915187 0.954635108481 
0.177827941004 6.0 944 0.0547667342799 0.0453648915187 0.954635108481 
0.316227766017 1.0 329 0.052738336714 0.043392504931 0.956607495069 
0.316227766017 1.5 428 0.0547667342799 0.0374753451677 0.962524654832 
0.316227766017 2.0 485 0.052738336714 0.0394477317554 0.960552268245 
0.316227766017 2.5 550 0.052738336714 0.0414201183432 0.958579881657 
0.316227766017 3.0 601 0.0547667342799 0.0394477317554 0.960552268245 
0.316227766017 3.5 640 0.0547667342799 0.0394477317554 0.960552268245 
0.316227766017 4.0 681 0.0547667342799 0.0394477317554 0.960552268245 
0.316227766017 4.5 711 0.0547667342799 0.0414201183432 0.958579881657 
0.316227766017 5.0 740 0.0547667342799 0.043392504931 0.956607495069 
0.316227766017 5.5 769 0.0567951318458 0.043392504931 0.956607495069 
0.316227766017 6.0 795 0.0567951318458 0.043392504931 0.956607495069 
0.56234132519 1.0 286 0.052738336714 0.0374753451677 0.962524654832 
0.56234132519 1.5 361 0.052738336714 0.0394477317554 0.960552268245 
0.56234132519 2.0 443 0.052738336714 0.0414201183432 0.958579881657 
0.56234132519 2.5 481 0.0547667342799 0.043392504931 0.956607495069 
0.56234132519 3.0 517 0.0547667342799 0.043392504931 0.956607495069 
0.56234132519 3.5 560 0.0547667342799 0.0414201183432 0.958579881657 
0.56234132519 4.0 574 0.0547667342799 0.0414201183432 0.958579881657 
0.56234132519 4.5 595 0.0547667342799 0.043392504931 0.956607495069 
0.56234132519 5.0 625 0.0547667342799 0.0473372781065 0.952662721893 
0.56234132519 5.5 659 0.0567951318458 0.0473372781065 0.952662721893 
0.56234132519 6.0 677 0.0567951318458 0.0473372781065 0.952662721893 
1.0 1.0 259 0.052738336714 0.0414201183432 0.958579881657 
1.0 1.5 338 0.052738336714 0.0394477317554 0.960552268245 
1.0 2.0 419 0.0547667342799 0.0414201183432 0.958579881657 
1.0 2.5 447 0.0547667342799 0.0414201183432 0.958579881657 
1.0 3.0 487 0.0567951318458 0.043392504931 0.956607495069 
1.0 3.5 527 0.0567951318458 0.043392504931 0.956607495069 
1.0 4.0 545 0.0567951318458 0.0453648915187 0.954635108481 
1.0 4.5 573 0.0567951318458 0.0453648915187 0.954635108481 
1.0 5.0 588 0.0567951318458 0.0453648915187 0.954635108481 
1.0 5.5 611 0.0588235294118 0.0473372781065 0.952662721893 
1.0 6.0 632 0.0588235294118 0.0473372781065 0.952662721893 
1.77827941004 1.0 237 0.0547667342799 0.0453648915187 0.954635108481 
1.77827941004 1.5 315 0.0507099391481 0.043392504931 0.956607495069 
1.77827941004 2.0 404 0.052738336714 0.0473372781065 0.952662721893 
1.77827941004 2.5 432 0.0547667342799 0.0473372781065 0.952662721893 
1.77827941004 3.0 473 0.0547667342799 0.0493096646943 0.950690335306 
1.77827941004 3.5 507 0.0547667342799 0.0473372781065 0.952662721893 
1.77827941004 4.0 536 0.0588235294118 0.0493096646943 0.950690335306 
1.77827941004 4.5 561 0.0588235294118 0.0512820512821 0.948717948718 
1.77827941004 5.0 579 0.0608519269777 0.0552268244576 0.944773175542 
1.77827941004 5.5 593 0.0649087221095 0.0571992110454 0.942800788955 
1.77827941004 6.0 613 0.0669371196755 0.0532544378698 0.94674556213 
3.16227766017 1.0 227 0.0507099391481 0.0394477317554 0.960552268245 
3.16227766017 1.5 309 0.052738336714 0.0512820512821 0.948717948718 
3.16227766017 2.0 379 0.0588235294118 0.0512820512821 0.948717948718 
3.16227766017 2.5 430 0.0567951318458 0.0493096646943 0.950690335306 
3.16227766017 3.0 463 0.0588235294118 0.0493096646943 0.950690335306 
3.16227766017 3.5 486 0.0588235294118 0.0532544378698 0.94674556213 
3.16227766017 4.0 529 0.0588235294118 0.0571992110454 0.942800788955 
3.16227766017 4.5 549 0.0649087221095 0.0591715976331 0.940828402367 
3.16227766017 5.0 570 0.0649087221095 0.0611439842209 0.938856015779 
3.16227766017 5.5 585 0.0669371196755 0.0591715976331 0.940828402367 
3.16227766017 6.0 603 0.0689655172414 0.0611439842209 0.938856015779 
5.6234132519 1.0 232 0.0486815415822 0.0473372781065 0.952662721893 
5.6234132519 1.5 308 0.0547667342799 0.0473372781065 0.952662721893 
5.6234132519 2.0 368 0.0567951318458 0.0512820512821 0.948717948718 
5.6234132519 2.5 419 0.0608519269777 0.0552268244576 0.944773175542 
5.6234132519 3.0 441 0.0628803245436 0.0650887573964 0.934911242604 
5.6234132519 3.5 479 0.0649087221095 0.0650887573964 0.934911242604 
5.6234132519 4.0 508 0.0669371196755 0.0631163708087 0.936883629191 
5.6234132519 4.5 529 0.0669371196755 0.0650887573964 0.934911242604 
5.6234132519 5.0 552 0.0689655172414 0.0670611439842 0.932938856016 
5.6234132519 5.5 583 0.0709939148073 0.0650887573964 0.934911242604 
5.6234132519 6.0 594 0.0709939148073 0.0631163708087 0.936883629191 
10.0 1.0 207 0.052738336714 0.0473372781065 0.952662721893 
10.0 1.5 283 0.0547667342799 0.0473372781065 0.952662721893 
10.0 2.0 345 0.0567951318458 0.0591715976331 0.940828402367 
10.0 2.5 396 0.0649087221095 0.0710059171598 0.92899408284 
10.0 3.0 440 0.0689655172414 0.0670611439842 0.932938856016 
10.0 3.5 470 0.0709939148073 0.0670611439842 0.932938856016 
10.0 4.0 493 0.0709939148073 0.0670611439842 0.932938856016 
10.0 4.5 512 0.0730223123732 0.0670611439842 0.932938856016 
10.0 5.0 543 0.0750507099391 0.0710059171598 0.92899408284 
10.0 5.5 566 0.0750507099391 0.0710059171598 0.92899408284 
10.0 6.0 586 0.0750507099391 0.069033530572 0.930966469428 
17.7827941004 1.0 215 0.0567951318458 0.0473372781065 0.952662721893 
17.7827941004 1.5 273 0.0608519269777 0.0591715976331 0.940828402367 
17.7827941004 2.0 332 0.0709939148073 0.0670611439842 0.932938856016 
17.7827941004 2.5 373 0.0709939148073 0.069033530572 0.930966469428 
17.7827941004 3.0 432 0.0709939148073 0.069033530572 0.930966469428 
17.7827941004 3.5 445 0.0730223123732 0.0670611439842 0.932938856016 
17.7827941004 4.0 486 0.0750507099391 0.0670611439842 0.932938856016 
17.7827941004 4.5 504 0.0831643002028 0.0710059171598 0.92899408284 
17.7827941004 5.0 527 0.0811359026369 0.069033530572 0.930966469428 
17.7827941004 5.5 558 0.0811359026369 0.0670611439842 0.932938856016 
17.7827941004 6.0 577 0.0770791075051 0.0650887573964 0.934911242604 
31.6227766017 1.0 199 0.0588235294118 0.0552268244576 0.944773175542 
31.6227766017 1.5 266 0.0689655172414 0.0670611439842 0.932938856016 
31.6227766017 2.0 318 0.0770791075051 0.0729783037475 0.927021696252 
31.6227766017 2.5 369 0.0730223123732 0.069033530572 0.930966469428 
31.6227766017 3.0 409 0.0750507099391 0.0670611439842 0.932938856016 
31.6227766017 3.5 447 0.079107505071 0.0650887573964 0.934911242604 
31.6227766017 4.0 472 0.0811359026369 0.0631163708087 0.936883629191 
31.6227766017 4.5 499 0.079107505071 0.0670611439842 0.932938856016 
31.6227766017 5.0 512 0.0750507099391 0.0670611439842 0.932938856016 
31.6227766017 5.5 555 0.0750507099391 0.069033530572 0.930966469428 
31.6227766017 6.0 575 0.0770791075051 0.069033530572 0.930966469428 
56.234132519 1.0 193 0.0588235294118 0.0650887573964 0.934911242604 
56.234132519 1.5 250 0.0811359026369 0.0788954635108 0.921104536489 
56.234132519 2.0 306 0.0811359026369 0.0650887573964 0.934911242604 
56.234132519 2.5 357 0.079107505071 0.069033530572 0.930966469428 
56.234132519 3.0 394 0.0811359026369 0.0631163708087 0.936883629191 
56.234132519 3.5 434 0.0831643002028 0.0670611439842 0.932938856016 
56.234132519 4.0 467 0.079107505071 0.0710059171598 0.92899408284 
56.234132519 4.5 496 0.079107505071 0.069033530572 0.930966469428 
56.234132519 5.0 512 0.079107505071 0.0710059171598 0.92899408284 
56.234132519 5.5 536 0.0811359026369 0.0710059171598 0.92899408284 
56.234132519 6.0 562 0.0872210953347 0.0710059171598 0.92899408284 
100.0 1.0 185 0.0709939148073 0.069033530572 0.930966469428 
100.0 1.5 248 0.0831643002028 0.0710059171598 0.92899408284 
100.0 2.0 297 0.079107505071 0.0729783037475 0.927021696252 
100.0 2.5 338 0.0831643002028 0.0710059171598 0.92899408284 
100.0 3.0 384 0.0831643002028 0.0749506903353 0.925049309665 
100.0 3.5 422 0.0851926977688 0.0749506903353 0.925049309665 
100.0 4.0 453 0.0851926977688 0.0749506903353 0.925049309665 
100.0 4.5 490 0.0872210953347 0.0710059171598 0.92899408284 
100.0 5.0 497 0.0912778904665 0.0729783037475 0.927021696252 
100.0 5.5 531 0.0892494929006 0.0729783037475 0.927021696252 
100.0 6.0 557 0.0933062880325 0.0670611439842 0.932938856016 
