0.001 1.0 9977 0.0 1.0 0.0 
0.001 1.5 9976 0.0 1.0 0.0 
0.001 2.0 9975 0.0 1.0 0.0 
0.001 2.5 9975 0.0 1.0 0.0 
0.001 3.0 9974 0.0 1.0 0.0 
0.001 3.5 9976 0.0 1.0 0.0 
0.001 4.0 9976 0.0 1.0 0.0 
0.001 4.5 9975 0.0 1.0 0.0 
0.001 5.0 9976 0.0 1.0 0.0 
0.001 5.5 9976 0.0 1.0 0.0 
0.001 6.0 9975 0.0 1.0 0.0 
0.00177827941004 1.0 9976 0.0 0.425970388155 0.574029611845 
0.00177827941004 1.5 9978 0.0 1.0 0.0 
0.00177827941004 2.0 9976 0.0 1.0 0.0 
0.00177827941004 2.5 9976 0.0 1.0 0.0 
0.00177827941004 3.0 9977 0.0 1.0 0.0 
0.00177827941004 3.5 9976 0.0 1.0 0.0 
0.00177827941004 4.0 9977 0.0 1.0 0.0 
0.00177827941004 4.5 9977 0.0 1.0 0.0 
0.00177827941004 5.0 9976 0.0 1.0 0.0 
0.00177827941004 5.5 9979 0.0 1.0 0.0 
0.00177827941004 6.0 9975 0.0 1.0 0.0 
0.00316227766017 1.0 9929 0.00659736105558 0.0032012805122 0.996798719488 
0.00316227766017 1.5 9979 0.0 0.125850340136 0.874149659864 
0.00316227766017 2.0 9977 0.0 0.559023609444 0.440976390556 
0.00316227766017 2.5 9978 0.0 1.0 0.0 
0.00316227766017 3.0 9978 0.0 1.0 0.0 
0.00316227766017 3.5 9978 0.0 1.0 0.0 
0.00316227766017 4.0 9978 0.0 1.0 0.0 
0.00316227766017 4.5 9979 0.0 1.0 0.0 
0.00316227766017 5.0 9978 0.0 1.0 0.0 
0.00316227766017 5.5 9978 0.0 1.0 0.0 
0.00316227766017 6.0 9979 0.0 1.0 0.0 
0.0056234132519 1.0 7232 0.00679728108756 0.00240096038415 0.997599039616 
0.0056234132519 1.5 9178 0.00719712115154 0.00180072028812 0.998199279712 
0.0056234132519 2.0 9977 0.000999600159936 0.0106042416967 0.989395758303 
0.0056234132519 2.5 9980 0.0 0.0578231292517 0.942176870748 
0.0056234132519 3.0 9979 0.0 0.15906362545 0.84093637455 
0.0056234132519 3.5 9981 0.0 0.377350940376 0.622649059624 
0.0056234132519 4.0 9979 0.0 0.982392957183 0.0176070428171 
0.0056234132519 4.5 9978 0.0 1.0 0.0 
0.0056234132519 5.0 9978 0.0 1.0 0.0 
0.0056234132519 5.5 9979 0.0 1.0 0.0 
0.0056234132519 6.0 9978 0.0 1.0 0.0 
0.01 1.0 4932 0.00879648140744 0.000600240096038 0.999399759904 
0.01 1.5 6280 0.00879648140744 0.000200080032013 0.999799919968 
0.01 2.0 7616 0.00879648140744 0.000400160064026 0.999599839936 
0.01 2.5 8766 0.00879648140744 0.000400160064026 0.999599839936 
0.01 3.0 9634 0.00839664134346 0.000600240096038 0.999399759904 
0.01 3.5 9960 0.0061975209916 0.00140056022409 0.998599439776 
0.01 4.0 9979 0.000199920031987 0.0144057623049 0.985594237695 
0.01 4.5 9978 0.0 0.0342136854742 0.965786314526 
0.01 5.0 9981 0.0 0.0562224889956 0.943777511004 
0.01 5.5 9978 0.0 0.113845538215 0.886154461785 
0.01 6.0 9979 0.0 0.198879551821 0.801120448179 
0.0177827941004 1.0 3387 0.00919632147141 0.000400160064026 0.999599839936 
0.0177827941004 1.5 4246 0.00959616153539 0.000200080032013 0.999799919968 
0.0177827941004 2.0 5124 0.0093962415034 0.000200080032013 0.999799919968 
0.0177827941004 2.5 5944 0.00899640143942 0.0 1.0 
0.0177827941004 3.0 6762 0.00899640143942 0.0 1.0 
0.0177827941004 3.5 7508 0.00879648140744 0.0 1.0 
0.0177827941004 4.0 8191 0.00879648140744 0.0 1.0 
0.0177827941004 4.5 8819 0.00859656137545 0.000400160064026 0.999599839936 
0.0177827941004 5.0 9272 0.00859656137545 0.000600240096038 0.999399759904 
0.0177827941004 5.5 9643 0.00839664134346 0.000800320128051 0.999199679872 
0.0177827941004 6.0 9860 0.00799680127949 0.00100040016006 0.99899959984 
0.0316227766017 1.0 2410 0.0113954418233 0.0 1.0 
0.0316227766017 1.5 2961 0.0101959216313 0.0 1.0 
0.0316227766017 2.0 3554 0.00979608156737 0.0 1.0 
0.0316227766017 2.5 4041 0.0093962415034 0.0 1.0 
0.0316227766017 3.0 4632 0.00859656137545 0.0 1.0 
0.0316227766017 3.5 5103 0.00819672131148 0.0 1.0 
0.0316227766017 4.0 5572 0.00839664134346 0.000600240096038 0.999399759904 
0.0316227766017 4.5 6041 0.00819672131148 0.000600240096038 0.999399759904 
0.0316227766017 5.0 6528 0.00799680127949 0.000600240096038 0.999399759904 
0.0316227766017 5.5 6999 0.00799680127949 0.00100040016006 0.99899959984 
0.0316227766017 6.0 7410 0.00799680127949 0.00120048019208 0.998799519808 
0.056234132519 1.0 1767 0.0107956817273 0.0 1.0 
0.056234132519 1.5 2153 0.00999600159936 0.000400160064026 0.999599839936 
0.056234132519 2.0 2581 0.00959616153539 0.000600240096038 0.999399759904 
0.056234132519 2.5 2965 0.00959616153539 0.000800320128051 0.999199679872 
0.056234132519 3.0 3325 0.00959616153539 0.000800320128051 0.999199679872 
0.056234132519 3.5 3670 0.00839664134346 0.000800320128051 0.999199679872 
0.056234132519 4.0 3991 0.00839664134346 0.00100040016006 0.99899959984 
0.056234132519 4.5 4379 0.00799680127949 0.00100040016006 0.99899959984 
0.056234132519 5.0 4655 0.00839664134346 0.00100040016006 0.99899959984 
0.056234132519 5.5 4947 0.00799680127949 0.00100040016006 0.99899959984 
0.056234132519 6.0 5299 0.0077968812475 0.00100040016006 0.99899959984 
0.1 1.0 1372 0.00999600159936 0.000600240096038 0.999399759904 
0.1 1.5 1674 0.0077968812475 0.00140056022409 0.998599439776 
0.1 2.0 1987 0.00719712115154 0.00100040016006 0.99899959984 
0.1 2.5 2267 0.00699720111955 0.00120048019208 0.998799519808 
0.1 3.0 2575 0.00679728108756 0.000800320128051 0.999199679872 
0.1 3.5 2787 0.00699720111955 0.000800320128051 0.999199679872 
0.1 4.0 3050 0.00699720111955 0.000800320128051 0.999199679872 
0.1 4.5 3355 0.00739704118353 0.000800320128051 0.999199679872 
0.1 5.0 3593 0.00719712115154 0.000800320128051 0.999199679872 
0.1 5.5 3820 0.00699720111955 0.000800320128051 0.999199679872 
0.1 6.0 4049 0.00719712115154 0.000800320128051 0.999199679872 
0.177827941004 1.0 1082 0.0077968812475 0.000600240096038 0.999399759904 
0.177827941004 1.5 1337 0.00819672131148 0.000800320128051 0.999199679872 
0.177827941004 2.0 1665 0.00719712115154 0.000800320128051 0.999199679872 
0.177827941004 2.5 1886 0.00719712115154 0.00120048019208 0.998799519808 
0.177827941004 3.0 2102 0.00719712115154 0.00120048019208 0.998799519808 
0.177827941004 3.5 2318 0.00699720111955 0.00120048019208 0.998799519808 
0.177827941004 4.0 2503 0.00639744102359 0.00140056022409 0.998599439776 
0.177827941004 4.5 2773 0.00639744102359 0.00100040016006 0.99899959984 
0.177827941004 5.0 3003 0.00599760095962 0.00100040016006 0.99899959984 
0.177827941004 5.5 3129 0.00599760095962 0.00120048019208 0.998799519808 
0.177827941004 6.0 3348 0.0061975209916 0.0016006402561 0.998399359744 
0.316227766017 1.0 900 0.00679728108756 0.00140056022409 0.998599439776 
0.316227766017 1.5 1170 0.0061975209916 0.00180072028812 0.998199279712 
0.316227766017 2.0 1407 0.00579768092763 0.00200080032013 0.99799919968 
0.316227766017 2.5 1630 0.00659736105558 0.00180072028812 0.998199279712 
0.316227766017 3.0 1876 0.00639744102359 0.00180072028812 0.998199279712 
0.316227766017 3.5 2026 0.0061975209916 0.00220088035214 0.997799119648 
0.316227766017 4.0 2271 0.0061975209916 0.00240096038415 0.997599039616 
0.316227766017 4.5 2457 0.00599760095962 0.00240096038415 0.997599039616 
0.316227766017 5.0 2714 0.00599760095962 0.00240096038415 0.997599039616 
0.316227766017 5.5 2873 0.00539784086365 0.00240096038415 0.997599039616 
0.316227766017 6.0 3006 0.00499800079968 0.00240096038415 0.997599039616 
0.56234132519 1.0 755 0.00659736105558 0.00140056022409 0.998599439776 
0.56234132519 1.5 1010 0.00579768092763 0.0016006402561 0.998399359744 
0.56234132519 2.0 1283 0.00579768092763 0.00140056022409 0.998599439776 
0.56234132519 2.5 1528 0.0061975209916 0.00120048019208 0.998799519808 
0.56234132519 3.0 1740 0.00679728108756 0.00180072028812 0.998199279712 
0.56234132519 3.5 1954 0.00639744102359 0.00220088035214 0.997799119648 
0.56234132519 4.0 2159 0.00579768092763 0.00240096038415 0.997599039616 
0.56234132519 4.5 2388 0.00559776089564 0.00240096038415 0.997599039616 
0.56234132519 5.0 2570 0.00559776089564 0.00260104041617 0.997398959584 
0.56234132519 5.5 2764 0.00579768092763 0.00300120048019 0.99699879952 
0.56234132519 6.0 2920 0.00579768092763 0.00300120048019 0.99699879952 
1.0 1.0 647 0.00599760095962 0.00140056022409 0.998599439776 
1.0 1.5 899 0.0061975209916 0.00120048019208 0.998799519808 
1.0 2.0 1124 0.00599760095962 0.00120048019208 0.998799519808 
1.0 2.5 1397 0.00599760095962 0.00180072028812 0.998199279712 
1.0 3.0 1672 0.00579768092763 0.00200080032013 0.99799919968 
1.0 3.5 1834 0.00599760095962 0.00220088035214 0.997799119648 
1.0 4.0 2079 0.00579768092763 0.00220088035214 0.997799119648 
1.0 4.5 2262 0.00579768092763 0.00200080032013 0.99799919968 
1.0 5.0 2490 0.00599760095962 0.00220088035214 0.997799119648 
1.0 5.5 2629 0.00599760095962 0.00240096038415 0.997599039616 
1.0 6.0 2839 0.00599760095962 0.00240096038415 0.997599039616 
1.77827941004 1.0 572 0.0061975209916 0.00140056022409 0.998599439776 
1.77827941004 1.5 802 0.00519792083167 0.00100040016006 0.99899959984 
1.77827941004 2.0 1055 0.00479808076769 0.00140056022409 0.998599439776 
1.77827941004 2.5 1300 0.00459816073571 0.0016006402561 0.998399359744 
1.77827941004 3.0 1478 0.00479808076769 0.00220088035214 0.997799119648 
1.77827941004 3.5 1751 0.00459816073571 0.00260104041617 0.997398959584 
1.77827941004 4.0 1997 0.00459816073571 0.00280112044818 0.997198879552 
1.77827941004 4.5 2156 0.00459816073571 0.00260104041617 0.997398959584 
1.77827941004 5.0 2356 0.00439824070372 0.00200080032013 0.99799919968 
1.77827941004 5.5 2531 0.00379848060776 0.00220088035214 0.997799119648 
1.77827941004 6.0 2743 0.00379848060776 0.00200080032013 0.99799919968 
3.16227766017 1.0 487 0.00459816073571 0.00140056022409 0.998599439776 
3.16227766017 1.5 753 0.00459816073571 0.00220088035214 0.997799119648 
3.16227766017 2.0 947 0.00479808076769 0.00180072028812 0.998199279712 
3.16227766017 2.5 1231 0.00399840063974 0.00180072028812 0.998199279712 
3.16227766017 3.0 1436 0.00399840063974 0.00220088035214 0.997799119648 
3.16227766017 3.5 1705 0.0031987205118 0.00200080032013 0.99799919968 
3.16227766017 4.0 1868 0.0031987205118 0.00200080032013 0.99799919968 
3.16227766017 4.5 2089 0.00359856057577 0.00220088035214 0.997799119648 
3.16227766017 5.0 2288 0.00379848060776 0.00240096038415 0.997599039616 
3.16227766017 5.5 2464 0.00399840063974 0.00260104041617 0.997398959584 
3.16227766017 6.0 2699 0.00399840063974 0.00240096038415 0.997599039616 
5.6234132519 1.0 436 0.00419832067173 0.0016006402561 0.998399359744 
5.6234132519 1.5 695 0.00459816073571 0.00140056022409 0.998599439776 
5.6234132519 2.0 888 0.00399840063974 0.00140056022409 0.998599439776 
5.6234132519 2.5 1133 0.00379848060776 0.00200080032013 0.99799919968 
5.6234132519 3.0 1451 0.00379848060776 0.00200080032013 0.99799919968 
5.6234132519 3.5 1629 0.00379848060776 0.00220088035214 0.997799119648 
5.6234132519 4.0 1837 0.00379848060776 0.00280112044818 0.997198879552 
5.6234132519 4.5 2042 0.00379848060776 0.00300120048019 0.99699879952 
5.6234132519 5.0 2301 0.00379848060776 0.00300120048019 0.99699879952 
5.6234132519 5.5 2404 0.00379848060776 0.00300120048019 0.99699879952 
5.6234132519 6.0 2623 0.00379848060776 0.00300120048019 0.99699879952 
10.0 1.0 400 0.0031987205118 0.00120048019208 0.998799519808 
10.0 1.5 643 0.00379848060776 0.0016006402561 0.998399359744 
10.0 2.0 851 0.00399840063974 0.0016006402561 0.998399359744 
10.0 2.5 1175 0.00399840063974 0.00140056022409 0.998599439776 
10.0 3.0 1378 0.00379848060776 0.00240096038415 0.997599039616 
10.0 3.5 1576 0.00379848060776 0.00240096038415 0.997599039616 
10.0 4.0 1736 0.00359856057577 0.00280112044818 0.997198879552 
10.0 4.5 1969 0.00419832067173 0.00280112044818 0.997198879552 
10.0 5.0 2194 0.00419832067173 0.00360144057623 0.996398559424 
10.0 5.5 2356 0.00419832067173 0.00340136054422 0.996598639456 
10.0 6.0 2567 0.00419832067173 0.00380152060824 0.996198479392 
17.7827941004 1.0 365 0.00419832067173 0.000800320128051 0.999199679872 
17.7827941004 1.5 570 0.00499800079968 0.0016006402561 0.998399359744 
17.7827941004 2.0 817 0.00419832067173 0.00220088035214 0.997799119648 
17.7827941004 2.5 1078 0.00379848060776 0.00260104041617 0.997398959584 
17.7827941004 3.0 1347 0.00379848060776 0.00260104041617 0.997398959584 
17.7827941004 3.5 1493 0.00399840063974 0.0032012805122 0.996798719488 
17.7827941004 4.0 1715 0.00439824070372 0.00380152060824 0.996198479392 
17.7827941004 4.5 1920 0.00439824070372 0.00380152060824 0.996198479392 
17.7827941004 5.0 2115 0.00459816073571 0.00400160064026 0.99599839936 
17.7827941004 5.5 2326 0.00459816073571 0.00360144057623 0.996398559424 
17.7827941004 6.0 2519 0.00459816073571 0.00340136054422 0.996598639456 
31.6227766017 1.0 318 0.00359856057577 0.00100040016006 0.99899959984 
31.6227766017 1.5 544 0.00359856057577 0.00200080032013 0.99799919968 
31.6227766017 2.0 783 0.00359856057577 0.00220088035214 0.997799119648 
31.6227766017 2.5 995 0.00399840063974 0.00260104041617 0.997398959584 
31.6227766017 3.0 1236 0.00419832067173 0.00340136054422 0.996598639456 
31.6227766017 3.5 1495 0.00439824070372 0.0032012805122 0.996798719488 
31.6227766017 4.0 1704 0.00439824070372 0.00340136054422 0.996598639456 
31.6227766017 4.5 1928 0.00439824070372 0.00300120048019 0.99699879952 
31.6227766017 5.0 2059 0.00439824070372 0.0032012805122 0.996798719488 
31.6227766017 5.5 2308 0.00419832067173 0.00300120048019 0.99699879952 
31.6227766017 6.0 2459 0.00399840063974 0.00260104041617 0.997398959584 
56.234132519 1.0 291 0.00339864054378 0.00120048019208 0.998799519808 
56.234132519 1.5 521 0.00299880047981 0.00240096038415 0.997599039616 
56.234132519 2.0 760 0.00399840063974 0.00280112044818 0.997198879552 
56.234132519 2.5 967 0.00399840063974 0.00240096038415 0.997599039616 
56.234132519 3.0 1248 0.00399840063974 0.00300120048019 0.99699879952 
56.234132519 3.5 1427 0.00399840063974 0.0032012805122 0.996798719488 
56.234132519 4.0 1662 0.00439824070372 0.00300120048019 0.99699879952 
56.234132519 4.5 1863 0.00439824070372 0.0032012805122 0.996798719488 
56.234132519 5.0 2047 0.00399840063974 0.0032012805122 0.996798719488 
56.234132519 5.5 2259 0.00379848060776 0.0032012805122 0.996798719488 
56.234132519 6.0 2485 0.00419832067173 0.00300120048019 0.99699879952 
100.0 1.0 265 0.00239904038385 0.0016006402561 0.998399359744 
100.0 1.5 455 0.00259896041583 0.00200080032013 0.99799919968 
100.0 2.0 743 0.00279888044782 0.00240096038415 0.997599039616 
100.0 2.5 989 0.00259896041583 0.00260104041617 0.997398959584 
100.0 3.0 1215 0.00279888044782 0.00240096038415 0.997599039616 
100.0 3.5 1439 0.00299880047981 0.0032012805122 0.996798719488 
100.0 4.0 1680 0.00299880047981 0.0032012805122 0.996798719488 
100.0 4.5 1858 0.00299880047981 0.0032012805122 0.996798719488 
100.0 5.0 2070 0.00359856057577 0.0032012805122 0.996798719488 
100.0 5.5 2242 0.00379848060776 0.00340136054422 0.996598639456 
100.0 6.0 2444 0.00439824070372 0.00300120048019 0.99699879952 
