0.001 1.0 990 1.0 0.0 1.0 
0.001 1.5 991 1.0 0.0 1.0 
0.001 2.0 991 1.0 0.0 1.0 
0.001 2.5 991 1.0 0.0 1.0 
0.001 3.0 991 1.0 0.0 1.0 
0.001 3.5 991 1.0 0.0 1.0 
0.001 4.0 990 1.0 0.0 1.0 
0.001 4.5 991 1.0 0.0 1.0 
0.001 5.0 991 1.0 0.0 1.0 
0.001 5.5 991 1.0 0.0 1.0 
0.001 6.0 990 1.0 0.0 1.0 
0.00177827941004 1.0 990 1.0 0.0 1.0 
0.00177827941004 1.5 992 1.0 0.0 1.0 
0.00177827941004 2.0 992 1.0 0.0 1.0 
0.00177827941004 2.5 992 1.0 0.0 1.0 
0.00177827941004 3.0 992 1.0 0.0 1.0 
0.00177827941004 3.5 992 1.0 0.0 1.0 
0.00177827941004 4.0 991 1.0 0.0 1.0 
0.00177827941004 4.5 991 1.0 0.0 1.0 
0.00177827941004 5.0 992 1.0 0.0 1.0 
0.00177827941004 5.5 992 1.0 0.0 1.0 
0.00177827941004 6.0 991 1.0 0.0 1.0 
0.00316227766017 1.0 991 1.0 0.0 1.0 
0.00316227766017 1.5 992 1.0 0.0 1.0 
0.00316227766017 2.0 993 1.0 0.0 1.0 
0.00316227766017 2.5 992 1.0 0.0 1.0 
0.00316227766017 3.0 992 1.0 0.0 1.0 
0.00316227766017 3.5 993 1.0 0.0 1.0 
0.00316227766017 4.0 994 1.0 0.0 1.0 
0.00316227766017 4.5 994 1.0 0.0 1.0 
0.00316227766017 5.0 994 1.0 0.0 1.0 
0.00316227766017 5.5 994 1.0 0.0 1.0 
0.00316227766017 6.0 994 1.0 0.0 1.0 
0.0056234132519 1.0 993 1.0 0.0 1.0 
0.0056234132519 1.5 992 1.0 0.0 1.0 
0.0056234132519 2.0 993 1.0 0.0 1.0 
0.0056234132519 2.5 994 1.0 0.0 1.0 
0.0056234132519 3.0 993 1.0 0.0 1.0 
0.0056234132519 3.5 995 1.0 0.0 1.0 
0.0056234132519 4.0 995 1.0 0.0 1.0 
0.0056234132519 4.5 995 1.0 0.0 1.0 
0.0056234132519 5.0 995 1.0 0.0 1.0 
0.0056234132519 5.5 996 1.0 0.0 1.0 
0.0056234132519 6.0 995 1.0 0.0 1.0 
0.01 1.0 994 1.0 0.0 1.0 
0.01 1.5 992 1.0 0.0 1.0 
0.01 2.0 993 1.0 0.0 1.0 
0.01 2.5 994 1.0 0.0 1.0 
0.01 3.0 994 1.0 0.0 1.0 
0.01 3.5 995 1.0 0.0 1.0 
0.01 4.0 995 1.0 0.0 1.0 
0.01 4.5 995 1.0 0.0 1.0 
0.01 5.0 995 1.0 0.0 1.0 
0.01 5.5 995 1.0 0.0 1.0 
0.01 6.0 996 1.0 0.0 1.0 
0.0177827941004 1.0 994 0.336693548387 0.0 1.0 
0.0177827941004 1.5 992 1.0 0.0 1.0 
0.0177827941004 2.0 993 1.0 0.0 1.0 
0.0177827941004 2.5 994 1.0 0.0 1.0 
0.0177827941004 3.0 994 1.0 0.0 1.0 
0.0177827941004 3.5 996 1.0 0.0 1.0 
0.0177827941004 4.0 995 1.0 0.0 1.0 
0.0177827941004 4.5 995 1.0 0.0 1.0 
0.0177827941004 5.0 995 1.0 0.0 1.0 
0.0177827941004 5.5 995 1.0 0.0 1.0 
0.0177827941004 6.0 995 1.0 0.0 1.0 
0.0316227766017 1.0 980 0.0181451612903 0.0515873015873 0.948412698413 
0.0316227766017 1.5 992 0.0987903225806 0.0119047619048 0.988095238095 
0.0316227766017 2.0 993 0.407258064516 0.0 1.0 
0.0316227766017 2.5 994 0.985887096774 0.0 1.0 
0.0316227766017 3.0 995 1.0 0.0 1.0 
0.0316227766017 3.5 996 1.0 0.0 1.0 
0.0316227766017 4.0 995 1.0 0.0 1.0 
0.0316227766017 4.5 995 1.0 0.0 1.0 
0.0316227766017 5.0 995 1.0 0.0 1.0 
0.0316227766017 5.5 995 1.0 0.0 1.0 
0.0316227766017 6.0 995 1.0 0.0 1.0 
0.056234132519 1.0 790 0.0221774193548 0.0416666666667 0.958333333333 
0.056234132519 1.5 929 0.0221774193548 0.0436507936508 0.956349206349 
0.056234132519 2.0 987 0.0201612903226 0.0456349206349 0.954365079365 
0.056234132519 2.5 994 0.0483870967742 0.0238095238095 0.97619047619 
0.056234132519 3.0 995 0.100806451613 0.0138888888889 0.986111111111 
0.056234132519 3.5 996 0.225806451613 0.00793650793651 0.992063492063 
0.056234132519 4.0 995 0.554435483871 0.0 1.0 
0.056234132519 4.5 995 0.85685483871 0.0 1.0 
0.056234132519 5.0 995 0.951612903226 0.0 1.0 
0.056234132519 5.5 995 0.989919354839 0.0 1.0 
0.056234132519 6.0 995 1.0 0.0 1.0 
0.1 1.0 577 0.0221774193548 0.0396825396825 0.960317460317 
0.1 1.5 716 0.0221774193548 0.0416666666667 0.958333333333 
0.1 2.0 821 0.0241935483871 0.0436507936508 0.956349206349 
0.1 2.5 896 0.0262096774194 0.0436507936508 0.956349206349 
0.1 3.0 943 0.0241935483871 0.0436507936508 0.956349206349 
0.1 3.5 975 0.0221774193548 0.0436507936508 0.956349206349 
0.1 4.0 985 0.0241935483871 0.0436507936508 0.956349206349 
0.1 4.5 994 0.0302419354839 0.0357142857143 0.964285714286 
0.1 5.0 995 0.0423387096774 0.0257936507937 0.974206349206 
0.1 5.5 995 0.0604838709677 0.0198412698413 0.980158730159 
0.1 6.0 995 0.0846774193548 0.015873015873 0.984126984127 
0.177827941004 1.0 441 0.0241935483871 0.0416666666667 0.958333333333 
0.177827941004 1.5 547 0.0302419354839 0.0416666666667 0.958333333333 
0.177827941004 2.0 638 0.0262096774194 0.0436507936508 0.956349206349 
0.177827941004 2.5 718 0.0241935483871 0.0436507936508 0.956349206349 
0.177827941004 3.0 770 0.0241935483871 0.0436507936508 0.956349206349 
0.177827941004 3.5 815 0.0241935483871 0.047619047619 0.952380952381 
0.177827941004 4.0 862 0.0221774193548 0.0515873015873 0.948412698413 
0.177827941004 4.5 893 0.0221774193548 0.0496031746032 0.950396825397 
0.177827941004 5.0 915 0.0221774193548 0.0515873015873 0.948412698413 
0.177827941004 5.5 933 0.0221774193548 0.0515873015873 0.948412698413 
0.177827941004 6.0 949 0.0221774193548 0.0515873015873 0.948412698413 
0.316227766017 1.0 349 0.0221774193548 0.0416666666667 0.958333333333 
0.316227766017 1.5 453 0.0221774193548 0.0436507936508 0.956349206349 
0.316227766017 2.0 514 0.0221774193548 0.0436507936508 0.956349206349 
0.316227766017 2.5 570 0.0221774193548 0.0456349206349 0.954365079365 
0.316227766017 3.0 614 0.0221774193548 0.0456349206349 0.954365079365 
0.316227766017 3.5 654 0.0221774193548 0.0456349206349 0.954365079365 
0.316227766017 4.0 704 0.0221774193548 0.047619047619 0.952380952381 
0.316227766017 4.5 737 0.0241935483871 0.0496031746032 0.950396825397 
0.316227766017 5.0 768 0.0241935483871 0.0515873015873 0.948412698413 
0.316227766017 5.5 801 0.0241935483871 0.0515873015873 0.948412698413 
0.316227766017 6.0 823 0.0241935483871 0.0515873015873 0.948412698413 
0.56234132519 1.0 310 0.0221774193548 0.0456349206349 0.954365079365 
0.56234132519 1.5 391 0.0241935483871 0.047619047619 0.952380952381 
0.56234132519 2.0 450 0.0221774193548 0.0496031746032 0.950396825397 
0.56234132519 2.5 507 0.0221774193548 0.0515873015873 0.948412698413 
0.56234132519 3.0 540 0.0241935483871 0.0535714285714 0.946428571429 
0.56234132519 3.5 575 0.0241935483871 0.0535714285714 0.946428571429 
0.56234132519 4.0 597 0.0262096774194 0.0535714285714 0.946428571429 
0.56234132519 4.5 624 0.0282258064516 0.0535714285714 0.946428571429 
0.56234132519 5.0 651 0.0302419354839 0.0535714285714 0.946428571429 
0.56234132519 5.5 679 0.0302419354839 0.0496031746032 0.950396825397 
0.56234132519 6.0 697 0.0302419354839 0.0496031746032 0.950396825397 
1.0 1.0 280 0.0262096774194 0.0496031746032 0.950396825397 
1.0 1.5 358 0.0262096774194 0.0496031746032 0.950396825397 
1.0 2.0 417 0.0262096774194 0.0535714285714 0.946428571429 
1.0 2.5 462 0.0322580645161 0.0535714285714 0.946428571429 
1.0 3.0 507 0.0302419354839 0.0496031746032 0.950396825397 
1.0 3.5 542 0.0302419354839 0.047619047619 0.952380952381 
1.0 4.0 569 0.0342741935484 0.047619047619 0.952380952381 
1.0 4.5 594 0.0342741935484 0.0496031746032 0.950396825397 
1.0 5.0 626 0.0362903225806 0.047619047619 0.952380952381 
1.0 5.5 639 0.0362903225806 0.0456349206349 0.954365079365 
1.0 6.0 668 0.0362903225806 0.0456349206349 0.954365079365 
1.77827941004 1.0 266 0.0282258064516 0.0496031746032 0.950396825397 
1.77827941004 1.5 339 0.0282258064516 0.0496031746032 0.950396825397 
1.77827941004 2.0 395 0.0322580645161 0.0456349206349 0.954365079365 
1.77827941004 2.5 441 0.0362903225806 0.0456349206349 0.954365079365 
1.77827941004 3.0 488 0.0383064516129 0.047619047619 0.952380952381 
1.77827941004 3.5 534 0.0403225806452 0.0496031746032 0.950396825397 
1.77827941004 4.0 558 0.0403225806452 0.0496031746032 0.950396825397 
1.77827941004 4.5 588 0.0403225806452 0.047619047619 0.952380952381 
1.77827941004 5.0 608 0.0383064516129 0.0456349206349 0.954365079365 
1.77827941004 5.5 629 0.0383064516129 0.0416666666667 0.958333333333 
1.77827941004 6.0 650 0.0403225806452 0.0416666666667 0.958333333333 
3.16227766017 1.0 259 0.0282258064516 0.0456349206349 0.954365079365 
3.16227766017 1.5 334 0.0342741935484 0.0436507936508 0.956349206349 
3.16227766017 2.0 384 0.0383064516129 0.0456349206349 0.954365079365 
3.16227766017 2.5 433 0.0383064516129 0.0515873015873 0.948412698413 
3.16227766017 3.0 470 0.0383064516129 0.047619047619 0.952380952381 
3.16227766017 3.5 506 0.0383064516129 0.0436507936508 0.956349206349 
3.16227766017 4.0 538 0.0403225806452 0.0416666666667 0.958333333333 
3.16227766017 4.5 572 0.0403225806452 0.0436507936508 0.956349206349 
3.16227766017 5.0 599 0.0383064516129 0.0436507936508 0.956349206349 
3.16227766017 5.5 616 0.0383064516129 0.0416666666667 0.958333333333 
3.16227766017 6.0 636 0.0403225806452 0.0416666666667 0.958333333333 
5.6234132519 1.0 237 0.0282258064516 0.0436507936508 0.956349206349 
5.6234132519 1.5 314 0.0383064516129 0.0456349206349 0.954365079365 
5.6234132519 2.0 368 0.0383064516129 0.0515873015873 0.948412698413 
5.6234132519 2.5 418 0.0403225806452 0.0436507936508 0.956349206349 
5.6234132519 3.0 451 0.0423387096774 0.0456349206349 0.954365079365 
5.6234132519 3.5 485 0.0423387096774 0.0456349206349 0.954365079365 
5.6234132519 4.0 530 0.0423387096774 0.0416666666667 0.958333333333 
5.6234132519 4.5 554 0.0443548387097 0.0436507936508 0.956349206349 
5.6234132519 5.0 582 0.0443548387097 0.0396825396825 0.960317460317 
5.6234132519 5.5 596 0.0463709677419 0.0376984126984 0.962301587302 
5.6234132519 6.0 612 0.0463709677419 0.0376984126984 0.962301587302 
10.0 1.0 229 0.0342741935484 0.0456349206349 0.954365079365 
10.0 1.5 305 0.0383064516129 0.0515873015873 0.948412698413 
10.0 2.0 352 0.0403225806452 0.0456349206349 0.954365079365 
10.0 2.5 396 0.0443548387097 0.0416666666667 0.958333333333 
10.0 3.0 433 0.0443548387097 0.0416666666667 0.958333333333 
10.0 3.5 480 0.0463709677419 0.0416666666667 0.958333333333 
10.0 4.0 511 0.0504032258065 0.0396825396825 0.960317460317 
10.0 4.5 531 0.0463709677419 0.0416666666667 0.958333333333 
10.0 5.0 561 0.0483870967742 0.0416666666667 0.958333333333 
10.0 5.5 580 0.0504032258065 0.047619047619 0.952380952381 
10.0 6.0 605 0.0483870967742 0.047619047619 0.952380952381 
17.7827941004 1.0 212 0.0403225806452 0.0416666666667 0.958333333333 
17.7827941004 1.5 285 0.0383064516129 0.0436507936508 0.956349206349 
17.7827941004 2.0 344 0.0423387096774 0.0376984126984 0.962301587302 
17.7827941004 2.5 372 0.0483870967742 0.0436507936508 0.956349206349 
17.7827941004 3.0 413 0.054435483871 0.0436507936508 0.956349206349 
17.7827941004 3.5 465 0.0564516129032 0.0456349206349 0.954365079365 
17.7827941004 4.0 488 0.054435483871 0.0456349206349 0.954365079365 
17.7827941004 4.5 522 0.0564516129032 0.0456349206349 0.954365079365 
17.7827941004 5.0 545 0.0504032258065 0.0496031746032 0.950396825397 
17.7827941004 5.5 569 0.0524193548387 0.0496031746032 0.950396825397 
17.7827941004 6.0 594 0.0584677419355 0.0515873015873 0.948412698413 
31.6227766017 1.0 210 0.0383064516129 0.0496031746032 0.950396825397 
31.6227766017 1.5 288 0.0423387096774 0.0436507936508 0.956349206349 
31.6227766017 2.0 325 0.0524193548387 0.0436507936508 0.956349206349 
31.6227766017 2.5 371 0.0564516129032 0.0496031746032 0.950396825397 
31.6227766017 3.0 401 0.0564516129032 0.0535714285714 0.946428571429 
31.6227766017 3.5 445 0.0564516129032 0.0535714285714 0.946428571429 
31.6227766017 4.0 488 0.0564516129032 0.0575396825397 0.94246031746 
31.6227766017 4.5 505 0.054435483871 0.047619047619 0.952380952381 
31.6227766017 5.0 532 0.0625 0.0555555555556 0.944444444444 
31.6227766017 5.5 551 0.0645161290323 0.0575396825397 0.94246031746 
31.6227766017 6.0 573 0.0665322580645 0.0654761904762 0.934523809524 
56.234132519 1.0 205 0.0403225806452 0.0456349206349 0.954365079365 
56.234132519 1.5 262 0.0524193548387 0.047619047619 0.952380952381 
56.234132519 2.0 318 0.0604838709677 0.047619047619 0.952380952381 
56.234132519 2.5 353 0.0604838709677 0.0575396825397 0.94246031746 
56.234132519 3.0 395 0.0604838709677 0.0615079365079 0.938492063492 
56.234132519 3.5 435 0.0604838709677 0.0595238095238 0.940476190476 
56.234132519 4.0 460 0.0604838709677 0.0634920634921 0.936507936508 
56.234132519 4.5 493 0.0625 0.0674603174603 0.93253968254 
56.234132519 5.0 522 0.0645161290323 0.0674603174603 0.93253968254 
56.234132519 5.5 548 0.0665322580645 0.0654761904762 0.934523809524 
56.234132519 6.0 564 0.0685483870968 0.0634920634921 0.936507936508 
100.0 1.0 197 0.0443548387097 0.047619047619 0.952380952381 
100.0 1.5 249 0.054435483871 0.047619047619 0.952380952381 
100.0 2.0 306 0.0604838709677 0.0555555555556 0.944444444444 
100.0 2.5 350 0.0584677419355 0.0634920634921 0.936507936508 
100.0 3.0 385 0.0625 0.0595238095238 0.940476190476 
100.0 3.5 422 0.0604838709677 0.0634920634921 0.936507936508 
100.0 4.0 451 0.0645161290323 0.0753968253968 0.924603174603 
100.0 4.5 480 0.0665322580645 0.0734126984127 0.926587301587 
100.0 5.0 514 0.0645161290323 0.0694444444444 0.930555555556 
100.0 5.5 541 0.0625 0.0714285714286 0.928571428571 
100.0 6.0 556 0.0625 0.0694444444444 0.930555555556 
