0.001 1.0 962 0.0 1.0 0.0 
0.001 1.5 962 0.0 1.0 0.0 
0.001 2.0 965 0.0 1.0 0.0 
0.001 2.5 962 0.0 1.0 0.0 
0.001 3.0 963 0.0 1.0 0.0 
0.001 3.5 963 0.0 1.0 0.0 
0.001 4.0 963 0.0 1.0 0.0 
0.001 4.5 963 0.0 1.0 0.0 
0.001 5.0 963 0.0 1.0 0.0 
0.001 5.5 963 0.0 1.0 0.0 
0.001 6.0 964 0.0 1.0 0.0 
0.00177827941004 1.0 963 0.0 1.0 0.0 
0.00177827941004 1.5 966 0.0 1.0 0.0 
0.00177827941004 2.0 966 0.0 1.0 0.0 
0.00177827941004 2.5 965 0.0 1.0 0.0 
0.00177827941004 3.0 967 0.0 1.0 0.0 
0.00177827941004 3.5 970 0.0 1.0 0.0 
0.00177827941004 4.0 969 0.0 1.0 0.0 
0.00177827941004 4.5 969 0.0 1.0 0.0 
0.00177827941004 5.0 970 0.0 1.0 0.0 
0.00177827941004 5.5 970 0.0 1.0 0.0 
0.00177827941004 6.0 971 0.0 1.0 0.0 
0.00316227766017 1.0 967 0.0 1.0 0.0 
0.00316227766017 1.5 969 0.0 1.0 0.0 
0.00316227766017 2.0 971 0.0 1.0 0.0 
0.00316227766017 2.5 970 0.0 1.0 0.0 
0.00316227766017 3.0 971 0.0 1.0 0.0 
0.00316227766017 3.5 974 0.0 1.0 0.0 
0.00316227766017 4.0 972 0.0 1.0 0.0 
0.00316227766017 4.5 976 0.0 1.0 0.0 
0.00316227766017 5.0 975 0.0 1.0 0.0 
0.00316227766017 5.5 975 0.0 1.0 0.0 
0.00316227766017 6.0 976 0.0 1.0 0.0 
0.0056234132519 1.0 972 0.0 1.0 0.0 
0.0056234132519 1.5 974 0.0 1.0 0.0 
0.0056234132519 2.0 971 0.0 1.0 0.0 
0.0056234132519 2.5 975 0.0 1.0 0.0 
0.0056234132519 3.0 974 0.0 1.0 0.0 
0.0056234132519 3.5 977 0.0 1.0 0.0 
0.0056234132519 4.0 976 0.0 1.0 0.0 
0.0056234132519 4.5 977 0.0 1.0 0.0 
0.0056234132519 5.0 979 0.0 1.0 0.0 
0.0056234132519 5.5 979 0.0 1.0 0.0 
0.0056234132519 6.0 979 0.0 1.0 0.0 
0.01 1.0 975 0.0 1.0 0.0 
0.01 1.5 975 0.0 1.0 0.0 
0.01 2.0 973 0.0 1.0 0.0 
0.01 2.5 974 0.0 1.0 0.0 
0.01 3.0 974 0.0 1.0 0.0 
0.01 3.5 977 0.0 1.0 0.0 
0.01 4.0 977 0.0 1.0 0.0 
0.01 4.5 980 0.0 1.0 0.0 
0.01 5.0 979 0.0 1.0 0.0 
0.01 5.5 982 0.0 1.0 0.0 
0.01 6.0 982 0.0 1.0 0.0 
0.0177827941004 1.0 973 0.0 0.585513078471 0.414486921529 
0.0177827941004 1.5 976 0.0 1.0 0.0 
0.0177827941004 2.0 974 0.0 1.0 0.0 
0.0177827941004 2.5 973 0.0 1.0 0.0 
0.0177827941004 3.0 981 0.0 1.0 0.0 
0.0177827941004 3.5 977 0.0 1.0 0.0 
0.0177827941004 4.0 980 0.0 1.0 0.0 
0.0177827941004 4.5 980 0.0 1.0 0.0 
0.0177827941004 5.0 980 0.0 1.0 0.0 
0.0177827941004 5.5 980 0.0 1.0 0.0 
0.0177827941004 6.0 984 0.0 1.0 0.0 
0.0316227766017 1.0 968 0.0178926441352 0.046277665996 0.953722334004 
0.0316227766017 1.5 975 0.00795228628231 0.217303822938 0.782696177062 
0.0316227766017 2.0 974 0.0 0.780684104628 0.219315895372 
0.0316227766017 2.5 974 0.0 0.989939637827 0.010060362173 
0.0316227766017 3.0 977 0.0 1.0 0.0 
0.0316227766017 3.5 977 0.0 1.0 0.0 
0.0316227766017 4.0 980 0.0 1.0 0.0 
0.0316227766017 4.5 980 0.0 1.0 0.0 
0.0316227766017 5.0 980 0.0 1.0 0.0 
0.0316227766017 5.5 981 0.0 1.0 0.0 
0.0316227766017 6.0 984 0.0 1.0 0.0 
0.056234132519 1.0 772 0.0198807157058 0.0261569416499 0.97384305835 
0.056234132519 1.5 917 0.0198807157058 0.0321931589537 0.967806841046 
0.056234132519 2.0 969 0.0178926441352 0.0422535211268 0.957746478873 
0.056234132519 2.5 976 0.00994035785288 0.102615694165 0.897384305835 
0.056234132519 3.0 978 0.00994035785288 0.277665995976 0.722334004024 
0.056234132519 3.5 978 0.00397614314115 0.551307847082 0.448692152918 
0.056234132519 4.0 981 0.0 0.889336016097 0.110663983903 
0.056234132519 4.5 980 0.0 0.979879275654 0.0201207243461 
0.056234132519 5.0 980 0.0 0.991951710262 0.00804828973843 
0.056234132519 5.5 982 0.0 0.993963782696 0.00603621730382 
0.056234132519 6.0 984 0.0 1.0 0.0 
0.1 1.0 565 0.0218687872763 0.0221327967807 0.977867203219 
0.1 1.5 707 0.0278330019881 0.0281690140845 0.971830985915 
0.1 2.0 818 0.0278330019881 0.0321931589537 0.967806841046 
0.1 2.5 895 0.0278330019881 0.0321931589537 0.967806841046 
0.1 3.0 943 0.0278330019881 0.0342052313883 0.965794768612 
0.1 3.5 963 0.0258449304175 0.0362173038229 0.963782696177 
0.1 4.0 976 0.0218687872763 0.0442655935614 0.955734406439 
0.1 4.5 979 0.0159045725646 0.0643863179074 0.935613682093 
0.1 5.0 980 0.0119284294235 0.122736418511 0.877263581489 
0.1 5.5 982 0.00994035785288 0.215291750503 0.784708249497 
0.1 6.0 984 0.00795228628231 0.334004024145 0.665995975855 
0.177827941004 1.0 425 0.0278330019881 0.0221327967807 0.977867203219 
0.177827941004 1.5 538 0.0278330019881 0.0241448692153 0.975855130785 
0.177827941004 2.0 645 0.0298210735586 0.0261569416499 0.97384305835 
0.177827941004 2.5 700 0.0298210735586 0.0281690140845 0.971830985915 
0.177827941004 3.0 754 0.0318091451292 0.0281690140845 0.971830985915 
0.177827941004 3.5 817 0.0337972166998 0.0281690140845 0.971830985915 
0.177827941004 4.0 854 0.0337972166998 0.0281690140845 0.971830985915 
0.177827941004 4.5 887 0.0337972166998 0.0281690140845 0.971830985915 
0.177827941004 5.0 919 0.0337972166998 0.0301810865191 0.969818913481 
0.177827941004 5.5 938 0.0337972166998 0.0301810865191 0.969818913481 
0.177827941004 6.0 951 0.0318091451292 0.0342052313883 0.965794768612 
0.316227766017 1.0 328 0.0278330019881 0.0201207243461 0.979879275654 
0.316227766017 1.5 431 0.0278330019881 0.0281690140845 0.971830985915 
0.316227766017 2.0 501 0.0318091451292 0.0281690140845 0.971830985915 
0.316227766017 2.5 562 0.0337972166998 0.0281690140845 0.971830985915 
0.316227766017 3.0 608 0.0357852882704 0.0281690140845 0.971830985915 
0.316227766017 3.5 660 0.0357852882704 0.0281690140845 0.971830985915 
0.316227766017 4.0 686 0.0357852882704 0.0281690140845 0.971830985915 
0.316227766017 4.5 724 0.0357852882704 0.0281690140845 0.971830985915 
0.316227766017 5.0 750 0.0337972166998 0.0281690140845 0.971830985915 
0.316227766017 5.5 780 0.0337972166998 0.0301810865191 0.969818913481 
0.316227766017 6.0 805 0.0337972166998 0.0301810865191 0.969818913481 
0.56234132519 1.0 271 0.0318091451292 0.0261569416499 0.97384305835 
0.56234132519 1.5 372 0.0318091451292 0.0281690140845 0.971830985915 
0.56234132519 2.0 429 0.0318091451292 0.0261569416499 0.97384305835 
0.56234132519 2.5 489 0.0357852882704 0.0281690140845 0.971830985915 
0.56234132519 3.0 518 0.0357852882704 0.0281690140845 0.971830985915 
0.56234132519 3.5 548 0.0337972166998 0.0281690140845 0.971830985915 
0.56234132519 4.0 592 0.0357852882704 0.0281690140845 0.971830985915 
0.56234132519 4.5 613 0.0357852882704 0.0261569416499 0.97384305835 
0.56234132519 5.0 636 0.0357852882704 0.0241448692153 0.975855130785 
0.56234132519 5.5 651 0.037773359841 0.0261569416499 0.97384305835 
0.56234132519 6.0 671 0.037773359841 0.0261569416499 0.97384305835 
1.0 1.0 247 0.0298210735586 0.0261569416499 0.97384305835 
1.0 1.5 333 0.0318091451292 0.0241448692153 0.975855130785 
1.0 2.0 404 0.0318091451292 0.0241448692153 0.975855130785 
1.0 2.5 446 0.0397614314115 0.0261569416499 0.97384305835 
1.0 3.0 497 0.0397614314115 0.0241448692153 0.975855130785 
1.0 3.5 523 0.0397614314115 0.0261569416499 0.97384305835 
1.0 4.0 557 0.0397614314115 0.0281690140845 0.971830985915 
1.0 4.5 578 0.0397614314115 0.0261569416499 0.97384305835 
1.0 5.0 604 0.0397614314115 0.0261569416499 0.97384305835 
1.0 5.5 619 0.0397614314115 0.0261569416499 0.97384305835 
1.0 6.0 635 0.037773359841 0.0241448692153 0.975855130785 
1.77827941004 1.0 236 0.0318091451292 0.0261569416499 0.97384305835 
1.77827941004 1.5 316 0.037773359841 0.0241448692153 0.975855130785 
1.77827941004 2.0 382 0.037773359841 0.0261569416499 0.97384305835 
1.77827941004 2.5 428 0.037773359841 0.0281690140845 0.971830985915 
1.77827941004 3.0 482 0.037773359841 0.0281690140845 0.971830985915 
1.77827941004 3.5 500 0.0397614314115 0.0261569416499 0.97384305835 
1.77827941004 4.0 541 0.0397614314115 0.0261569416499 0.97384305835 
1.77827941004 4.5 558 0.0397614314115 0.0261569416499 0.97384305835 
1.77827941004 5.0 579 0.0357852882704 0.0261569416499 0.97384305835 
1.77827941004 5.5 599 0.0357852882704 0.0281690140845 0.971830985915 
1.77827941004 6.0 621 0.0337972166998 0.0281690140845 0.971830985915 
3.16227766017 1.0 221 0.037773359841 0.0241448692153 0.975855130785 
3.16227766017 1.5 294 0.0357852882704 0.0261569416499 0.97384305835 
3.16227766017 2.0 361 0.0397614314115 0.0261569416499 0.97384305835 
3.16227766017 2.5 401 0.0397614314115 0.0261569416499 0.97384305835 
3.16227766017 3.0 464 0.037773359841 0.0261569416499 0.97384305835 
3.16227766017 3.5 486 0.037773359841 0.0281690140845 0.971830985915 
3.16227766017 4.0 527 0.0357852882704 0.0281690140845 0.971830985915 
3.16227766017 4.5 544 0.0337972166998 0.0301810865191 0.969818913481 
3.16227766017 5.0 565 0.0337972166998 0.0301810865191 0.969818913481 
3.16227766017 5.5 591 0.0337972166998 0.0301810865191 0.969818913481 
3.16227766017 6.0 620 0.0337972166998 0.0281690140845 0.971830985915 
5.6234132519 1.0 204 0.0318091451292 0.0181086519115 0.981891348089 
5.6234132519 1.5 276 0.0357852882704 0.0281690140845 0.971830985915 
5.6234132519 2.0 350 0.037773359841 0.0261569416499 0.97384305835 
5.6234132519 2.5 393 0.0357852882704 0.0261569416499 0.97384305835 
5.6234132519 3.0 449 0.037773359841 0.0301810865191 0.969818913481 
5.6234132519 3.5 484 0.037773359841 0.0301810865191 0.969818913481 
5.6234132519 4.0 512 0.0357852882704 0.0301810865191 0.969818913481 
5.6234132519 4.5 534 0.0337972166998 0.0261569416499 0.97384305835 
5.6234132519 5.0 546 0.0318091451292 0.0261569416499 0.97384305835 
5.6234132519 5.5 579 0.0298210735586 0.0261569416499 0.97384305835 
5.6234132519 6.0 600 0.0278330019881 0.0281690140845 0.971830985915 
10.0 1.0 201 0.0357852882704 0.0241448692153 0.975855130785 
10.0 1.5 275 0.037773359841 0.0261569416499 0.97384305835 
10.0 2.0 328 0.0357852882704 0.0281690140845 0.971830985915 
10.0 2.5 382 0.037773359841 0.0301810865191 0.969818913481 
10.0 3.0 431 0.037773359841 0.0281690140845 0.971830985915 
10.0 3.5 472 0.0357852882704 0.0281690140845 0.971830985915 
10.0 4.0 495 0.0337972166998 0.0241448692153 0.975855130785 
10.0 4.5 519 0.0337972166998 0.0281690140845 0.971830985915 
10.0 5.0 551 0.0337972166998 0.0281690140845 0.971830985915 
10.0 5.5 567 0.0298210735586 0.0281690140845 0.971830985915 
10.0 6.0 593 0.0337972166998 0.0281690140845 0.971830985915 
17.7827941004 1.0 189 0.0357852882704 0.0241448692153 0.975855130785 
17.7827941004 1.5 265 0.0357852882704 0.0281690140845 0.971830985915 
17.7827941004 2.0 316 0.037773359841 0.0281690140845 0.971830985915 
17.7827941004 2.5 373 0.0357852882704 0.0261569416499 0.97384305835 
17.7827941004 3.0 416 0.037773359841 0.0281690140845 0.971830985915 
17.7827941004 3.5 458 0.037773359841 0.0261569416499 0.97384305835 
17.7827941004 4.0 495 0.0337972166998 0.0281690140845 0.971830985915 
17.7827941004 4.5 515 0.0337972166998 0.0321931589537 0.967806841046 
17.7827941004 5.0 539 0.0357852882704 0.0321931589537 0.967806841046 
17.7827941004 5.5 554 0.037773359841 0.0342052313883 0.965794768612 
17.7827941004 6.0 579 0.037773359841 0.0382293762575 0.961770623742 
31.6227766017 1.0 177 0.0357852882704 0.0241448692153 0.975855130785 
31.6227766017 1.5 244 0.0337972166998 0.0261569416499 0.97384305835 
31.6227766017 2.0 316 0.0337972166998 0.0281690140845 0.971830985915 
31.6227766017 2.5 354 0.0337972166998 0.0261569416499 0.97384305835 
31.6227766017 3.0 400 0.0357852882704 0.0301810865191 0.969818913481 
31.6227766017 3.5 444 0.0318091451292 0.0321931589537 0.967806841046 
31.6227766017 4.0 485 0.0337972166998 0.0342052313883 0.965794768612 
31.6227766017 4.5 508 0.0337972166998 0.0382293762575 0.961770623742 
31.6227766017 5.0 532 0.0357852882704 0.0402414486922 0.959758551308 
31.6227766017 5.5 552 0.0357852882704 0.0402414486922 0.959758551308 
31.6227766017 6.0 573 0.0357852882704 0.0402414486922 0.959758551308 
56.234132519 1.0 165 0.0337972166998 0.0261569416499 0.97384305835 
56.234132519 1.5 231 0.0337972166998 0.0281690140845 0.971830985915 
56.234132519 2.0 296 0.0318091451292 0.0301810865191 0.969818913481 
56.234132519 2.5 338 0.0337972166998 0.0301810865191 0.969818913481 
56.234132519 3.0 400 0.0337972166998 0.0342052313883 0.965794768612 
56.234132519 3.5 440 0.0417495029821 0.0382293762575 0.961770623742 
56.234132519 4.0 471 0.0417495029821 0.0422535211268 0.957746478873 
56.234132519 4.5 501 0.0417495029821 0.0402414486922 0.959758551308 
56.234132519 5.0 519 0.037773359841 0.0402414486922 0.959758551308 
56.234132519 5.5 548 0.037773359841 0.0422535211268 0.957746478873 
56.234132519 6.0 564 0.037773359841 0.0422535211268 0.957746478873 
100.0 1.0 161 0.0318091451292 0.0362173038229 0.963782696177 
100.0 1.5 225 0.0337972166998 0.0281690140845 0.971830985915 
100.0 2.0 295 0.0337972166998 0.0281690140845 0.971830985915 
100.0 2.5 335 0.0397614314115 0.0362173038229 0.963782696177 
100.0 3.0 392 0.0457256461233 0.0422535211268 0.957746478873 
100.0 3.5 428 0.0457256461233 0.0442655935614 0.955734406439 
100.0 4.0 459 0.0437375745527 0.0422535211268 0.957746478873 
100.0 4.5 490 0.0437375745527 0.046277665996 0.953722334004 
100.0 5.0 515 0.0417495029821 0.0482897384306 0.951710261569 
100.0 5.5 546 0.0417495029821 0.0503018108652 0.949698189135 
100.0 6.0 563 0.0437375745527 0.0503018108652 0.949698189135 
