0.001 1.0 352 0.0 1.0 0.0 
0.001 1.5 355 0.0 1.0 0.0 
0.001 2.0 359 0.0 1.0 0.0 
0.001 2.5 360 0.0 1.0 0.0 
0.001 3.0 358 0.0 1.0 0.0 
0.001 3.5 360 0.0 1.0 0.0 
0.001 4.0 363 0.0 1.0 0.0 
0.001 4.5 365 0.0 1.0 0.0 
0.001 5.0 366 0.0 1.0 0.0 
0.001 5.5 366 0.0 1.0 0.0 
0.001 6.0 368 0.0 1.0 0.0 
0.00177827941004 1.0 361 0.0 1.0 0.0 
0.00177827941004 1.5 367 0.0 1.0 0.0 
0.00177827941004 2.0 372 0.0 1.0 0.0 
0.00177827941004 2.5 379 0.0 1.0 0.0 
0.00177827941004 3.0 379 0.0 1.0 0.0 
0.00177827941004 3.5 385 0.0 1.0 0.0 
0.00177827941004 4.0 394 0.0 1.0 0.0 
0.00177827941004 4.5 401 0.0 1.0 0.0 
0.00177827941004 5.0 412 0.0 1.0 0.0 
0.00177827941004 5.5 431 0.0 1.0 0.0 
0.00177827941004 6.0 448 0.0 1.0 0.0 
0.00316227766017 1.0 371 0.0 1.0 0.0 
0.00316227766017 1.5 383 0.0 1.0 0.0 
0.00316227766017 2.0 393 0.0 1.0 0.0 
0.00316227766017 2.5 403 0.0 1.0 0.0 
0.00316227766017 3.0 416 0.0 1.0 0.0 
0.00316227766017 3.5 431 0.0 1.0 0.0 
0.00316227766017 4.0 449 0.0 1.0 0.0 
0.00316227766017 4.5 460 0.0 1.0 0.0 
0.00316227766017 5.0 468 0.0 1.0 0.0 
0.00316227766017 5.5 489 0.0 1.0 0.0 
0.00316227766017 6.0 502 0.0 1.0 0.0 
0.0056234132519 1.0 388 0.0 1.0 0.0 
0.0056234132519 1.5 406 0.0 1.0 0.0 
0.0056234132519 2.0 419 0.0 1.0 0.0 
0.0056234132519 2.5 445 0.0 1.0 0.0 
0.0056234132519 3.0 449 0.0 1.0 0.0 
0.0056234132519 3.5 478 0.0 1.0 0.0 
0.0056234132519 4.0 488 0.0 1.0 0.0 
0.0056234132519 4.5 512 0.0 1.0 0.0 
0.0056234132519 5.0 529 0.0 1.0 0.0 
0.0056234132519 5.5 540 0.0 1.0 0.0 
0.0056234132519 6.0 557 0.0 1.0 0.0 
0.01 1.0 394 0.0 1.0 0.0 
0.01 1.5 430 0.0 1.0 0.0 
0.01 2.0 437 0.0 1.0 0.0 
0.01 2.5 485 0.0 1.0 0.0 
0.01 3.0 497 0.0 1.0 0.0 
0.01 3.5 519 0.0 1.0 0.0 
0.01 4.0 545 0.0 1.0 0.0 
0.01 4.5 566 0.0 1.0 0.0 
0.01 5.0 586 0.0 1.0 0.0 
0.01 5.5 596 0.0 1.0 0.0 
0.01 6.0 606 0.0 1.0 0.0 
0.0177827941004 1.0 418 0.0 1.0 0.0 
0.0177827941004 1.5 448 0.0 1.0 0.0 
0.0177827941004 2.0 475 0.0 1.0 0.0 
0.0177827941004 2.5 511 0.0 1.0 0.0 
0.0177827941004 3.0 542 0.0 1.0 0.0 
0.0177827941004 3.5 559 0.0 1.0 0.0 
0.0177827941004 4.0 577 0.0 1.0 0.0 
0.0177827941004 4.5 587 0.0 1.0 0.0 
0.0177827941004 5.0 625 0.0 1.0 0.0 
0.0177827941004 5.5 639 0.0 1.0 0.0 
0.0177827941004 6.0 640 0.0 1.0 0.0 
0.0316227766017 1.0 426 0.0 1.0 0.0 
0.0316227766017 1.5 457 0.0 1.0 0.0 
0.0316227766017 2.0 501 0.0 1.0 0.0 
0.0316227766017 2.5 536 0.0 1.0 0.0 
0.0316227766017 3.0 566 0.0 1.0 0.0 
0.0316227766017 3.5 588 0.0 1.0 0.0 
0.0316227766017 4.0 600 0.0 1.0 0.0 
0.0316227766017 4.5 624 0.0 1.0 0.0 
0.0316227766017 5.0 650 0.0 1.0 0.0 
0.0316227766017 5.5 657 0.0 1.0 0.0 
0.0316227766017 6.0 674 0.0 1.0 0.0 
0.056234132519 1.0 427 0.0 0.59693877551 0.40306122449 
0.056234132519 1.5 472 0.0 0.826530612245 0.173469387755 
0.056234132519 2.0 511 0.0 0.994897959184 0.00510204081633 
0.056234132519 2.5 546 0.0 1.0 0.0 
0.056234132519 3.0 574 0.0 1.0 0.0 
0.056234132519 3.5 604 0.0 1.0 0.0 
0.056234132519 4.0 620 0.0 1.0 0.0 
0.056234132519 4.5 640 0.0 1.0 0.0 
0.056234132519 5.0 655 0.0 1.0 0.0 
0.056234132519 5.5 676 0.0 1.0 0.0 
0.056234132519 6.0 687 0.0 1.0 0.0 
0.1 1.0 395 0.00373134328358 0.316326530612 0.683673469388 
0.1 1.5 466 0.00373134328358 0.392857142857 0.607142857143 
0.1 2.0 511 0.00124378109453 0.505102040816 0.494897959184 
0.1 2.5 541 0.00124378109453 0.622448979592 0.377551020408 
0.1 3.0 580 0.00124378109453 0.775510204082 0.224489795918 
0.1 3.5 612 0.0 0.887755102041 0.112244897959 
0.1 4.0 631 0.0 0.959183673469 0.0408163265306 
0.1 4.5 640 0.0 1.0 0.0 
0.1 5.0 670 0.0 1.0 0.0 
0.1 5.5 668 0.0 1.0 0.0 
0.1 6.0 687 0.0 1.0 0.0 
0.177827941004 1.0 331 0.00621890547264 0.255102040816 0.744897959184 
0.177827941004 1.5 406 0.00373134328358 0.275510204082 0.724489795918 
0.177827941004 2.0 472 0.00373134328358 0.290816326531 0.709183673469 
0.177827941004 2.5 523 0.00373134328358 0.336734693878 0.663265306122 
0.177827941004 3.0 569 0.00248756218905 0.357142857143 0.642857142857 
0.177827941004 3.5 605 0.00248756218905 0.40306122449 0.59693877551 
0.177827941004 4.0 622 0.00248756218905 0.479591836735 0.520408163265 
0.177827941004 4.5 640 0.00124378109453 0.551020408163 0.448979591837 
0.177827941004 5.0 663 0.00124378109453 0.632653061224 0.367346938776 
0.177827941004 5.5 667 0.00124378109453 0.698979591837 0.301020408163 
0.177827941004 6.0 685 0.00124378109453 0.770408163265 0.229591836735 
0.316227766017 1.0 297 0.00621890547264 0.219387755102 0.780612244898 
0.316227766017 1.5 368 0.00497512437811 0.219387755102 0.780612244898 
0.316227766017 2.0 430 0.00497512437811 0.239795918367 0.760204081633 
0.316227766017 2.5 468 0.00497512437811 0.25 0.75 
0.316227766017 3.0 527 0.00497512437811 0.265306122449 0.734693877551 
0.316227766017 3.5 571 0.00497512437811 0.275510204082 0.724489795918 
0.316227766017 4.0 597 0.00373134328358 0.295918367347 0.704081632653 
0.316227766017 4.5 621 0.00248756218905 0.321428571429 0.678571428571 
0.316227766017 5.0 638 0.00248756218905 0.336734693878 0.663265306122 
0.316227766017 5.5 650 0.00248756218905 0.34693877551 0.65306122449 
0.316227766017 6.0 676 0.00248756218905 0.387755102041 0.612244897959 
0.56234132519 1.0 262 0.00497512437811 0.198979591837 0.801020408163 
0.56234132519 1.5 321 0.00621890547264 0.198979591837 0.801020408163 
0.56234132519 2.0 398 0.00621890547264 0.19387755102 0.80612244898 
0.56234132519 2.5 441 0.00497512437811 0.209183673469 0.790816326531 
0.56234132519 3.0 491 0.00497512437811 0.214285714286 0.785714285714 
0.56234132519 3.5 520 0.00497512437811 0.224489795918 0.775510204082 
0.56234132519 4.0 562 0.00497512437811 0.224489795918 0.775510204082 
0.56234132519 4.5 587 0.00497512437811 0.229591836735 0.770408163265 
0.56234132519 5.0 605 0.00497512437811 0.244897959184 0.755102040816 
0.56234132519 5.5 636 0.00497512437811 0.255102040816 0.744897959184 
0.56234132519 6.0 648 0.00373134328358 0.285714285714 0.714285714286 
1.0 1.0 235 0.00870646766169 0.183673469388 0.816326530612 
1.0 1.5 298 0.00870646766169 0.183673469388 0.816326530612 
1.0 2.0 364 0.00621890547264 0.19387755102 0.80612244898 
1.0 2.5 415 0.00621890547264 0.183673469388 0.816326530612 
1.0 3.0 449 0.00621890547264 0.183673469388 0.816326530612 
1.0 3.5 479 0.00746268656716 0.183673469388 0.816326530612 
1.0 4.0 506 0.00746268656716 0.183673469388 0.816326530612 
1.0 4.5 539 0.00621890547264 0.188775510204 0.811224489796 
1.0 5.0 566 0.00621890547264 0.19387755102 0.80612244898 
1.0 5.5 593 0.00621890547264 0.19387755102 0.80612244898 
1.0 6.0 612 0.00746268656716 0.204081632653 0.795918367347 
1.77827941004 1.0 215 0.00995024875622 0.178571428571 0.821428571429 
1.77827941004 1.5 266 0.00746268656716 0.183673469388 0.816326530612 
1.77827941004 2.0 328 0.00746268656716 0.188775510204 0.811224489796 
1.77827941004 2.5 371 0.00621890547264 0.183673469388 0.816326530612 
1.77827941004 3.0 414 0.00746268656716 0.183673469388 0.816326530612 
1.77827941004 3.5 455 0.00746268656716 0.183673469388 0.816326530612 
1.77827941004 4.0 488 0.00621890547264 0.178571428571 0.821428571429 
1.77827941004 4.5 510 0.00746268656716 0.178571428571 0.821428571429 
1.77827941004 5.0 543 0.00746268656716 0.178571428571 0.821428571429 
1.77827941004 5.5 562 0.00870646766169 0.183673469388 0.816326530612 
1.77827941004 6.0 590 0.00870646766169 0.178571428571 0.821428571429 
3.16227766017 1.0 198 0.00870646766169 0.188775510204 0.811224489796 
3.16227766017 1.5 253 0.00870646766169 0.183673469388 0.816326530612 
3.16227766017 2.0 305 0.00746268656716 0.173469387755 0.826530612245 
3.16227766017 2.5 355 0.00870646766169 0.178571428571 0.821428571429 
3.16227766017 3.0 391 0.0111940298507 0.168367346939 0.831632653061 
3.16227766017 3.5 420 0.0124378109453 0.163265306122 0.836734693878 
3.16227766017 4.0 467 0.0124378109453 0.163265306122 0.836734693878 
3.16227766017 4.5 491 0.0149253731343 0.163265306122 0.836734693878 
3.16227766017 5.0 517 0.0136815920398 0.178571428571 0.821428571429 
3.16227766017 5.5 534 0.0124378109453 0.188775510204 0.811224489796 
3.16227766017 6.0 559 0.0111940298507 0.188775510204 0.811224489796 
5.6234132519 1.0 188 0.00621890547264 0.173469387755 0.826530612245 
5.6234132519 1.5 235 0.00746268656716 0.173469387755 0.826530612245 
5.6234132519 2.0 281 0.00995024875622 0.173469387755 0.826530612245 
5.6234132519 2.5 329 0.0111940298507 0.158163265306 0.841836734694 
5.6234132519 3.0 380 0.0136815920398 0.158163265306 0.841836734694 
5.6234132519 3.5 420 0.0136815920398 0.168367346939 0.831632653061 
5.6234132519 4.0 452 0.0149253731343 0.173469387755 0.826530612245 
5.6234132519 4.5 470 0.0149253731343 0.178571428571 0.821428571429 
5.6234132519 5.0 508 0.0161691542289 0.188775510204 0.811224489796 
5.6234132519 5.5 518 0.0199004975124 0.188775510204 0.811224489796 
5.6234132519 6.0 541 0.021144278607 0.19387755102 0.80612244898 
10.0 1.0 168 0.00995024875622 0.178571428571 0.821428571429 
10.0 1.5 223 0.00870646766169 0.163265306122 0.836734693878 
10.0 2.0 266 0.0111940298507 0.163265306122 0.836734693878 
10.0 2.5 312 0.0149253731343 0.15306122449 0.84693877551 
10.0 3.0 357 0.0149253731343 0.15306122449 0.84693877551 
10.0 3.5 397 0.0174129353234 0.168367346939 0.831632653061 
10.0 4.0 432 0.0199004975124 0.19387755102 0.80612244898 
10.0 4.5 456 0.021144278607 0.198979591837 0.801020408163 
10.0 5.0 484 0.023631840796 0.214285714286 0.785714285714 
10.0 5.5 510 0.0248756218905 0.224489795918 0.775510204082 
10.0 6.0 531 0.023631840796 0.219387755102 0.780612244898 
17.7827941004 1.0 155 0.00870646766169 0.163265306122 0.836734693878 
17.7827941004 1.5 208 0.00870646766169 0.142857142857 0.857142857143 
17.7827941004 2.0 228 0.0149253731343 0.15306122449 0.84693877551 
17.7827941004 2.5 299 0.0149253731343 0.158163265306 0.841836734694 
17.7827941004 3.0 334 0.021144278607 0.173469387755 0.826530612245 
17.7827941004 3.5 381 0.023631840796 0.198979591837 0.801020408163 
17.7827941004 4.0 422 0.0261194029851 0.229591836735 0.770408163265 
17.7827941004 4.5 452 0.0248756218905 0.229591836735 0.770408163265 
17.7827941004 5.0 477 0.0248756218905 0.229591836735 0.770408163265 
17.7827941004 5.5 500 0.0248756218905 0.229591836735 0.770408163265 
17.7827941004 6.0 519 0.023631840796 0.224489795918 0.775510204082 
31.6227766017 1.0 109 0.00870646766169 0.142857142857 0.857142857143 
31.6227766017 1.5 166 0.0124378109453 0.147959183673 0.852040816327 
31.6227766017 2.0 109 0.0161691542289 0.158163265306 0.841836734694 
31.6227766017 2.5 252 0.0199004975124 0.173469387755 0.826530612245 
31.6227766017 3.0 308 0.023631840796 0.219387755102 0.780612244898 
31.6227766017 3.5 368 0.0248756218905 0.239795918367 0.760204081633 
31.6227766017 4.0 409 0.023631840796 0.239795918367 0.760204081633 
31.6227766017 4.5 443 0.0261194029851 0.239795918367 0.760204081633 
31.6227766017 5.0 470 0.0273631840796 0.239795918367 0.760204081633 
31.6227766017 5.5 490 0.0273631840796 0.239795918367 0.760204081633 
31.6227766017 6.0 519 0.0261194029851 0.239795918367 0.760204081633 
56.234132519 1.0 103 0.0111940298507 0.147959183673 0.852040816327 
56.234132519 1.5 108 0.0149253731343 0.147959183673 0.852040816327 
56.234132519 2.0 108 0.0223880597015 0.183673469388 0.816326530612 
56.234132519 2.5 121 0.023631840796 0.204081632653 0.795918367347 
56.234132519 3.0 294 0.0248756218905 0.234693877551 0.765306122449 
56.234132519 3.5 363 0.0248756218905 0.234693877551 0.765306122449 
56.234132519 4.0 413 0.0248756218905 0.239795918367 0.760204081633 
56.234132519 4.5 431 0.0273631840796 0.239795918367 0.760204081633 
56.234132519 5.0 466 0.0286069651741 0.25 0.75 
56.234132519 5.5 487 0.0286069651741 0.239795918367 0.760204081633 
56.234132519 6.0 515 0.0273631840796 0.234693877551 0.765306122449 
100.0 1.0 99 0.0136815920398 0.142857142857 0.857142857143 
100.0 1.5 102 0.0186567164179 0.178571428571 0.821428571429 
100.0 2.0 107 0.023631840796 0.209183673469 0.790816326531 
100.0 2.5 112 0.0248756218905 0.234693877551 0.765306122449 
100.0 3.0 286 0.0261194029851 0.234693877551 0.765306122449 
100.0 3.5 346 0.0286069651741 0.234693877551 0.765306122449 
100.0 4.0 415 0.0286069651741 0.239795918367 0.760204081633 
100.0 4.5 439 0.0298507462687 0.229591836735 0.770408163265 
100.0 5.0 459 0.0286069651741 0.234693877551 0.765306122449 
100.0 5.5 487 0.0286069651741 0.239795918367 0.760204081633 
100.0 6.0 516 0.0298507462687 0.239795918367 0.760204081633 
