0.001 1.0 387 0.0 1.0 0.0 
0.001 1.5 390 0.0 1.0 0.0 
0.001 2.0 392 0.0 1.0 0.0 
0.001 2.5 396 0.0 1.0 0.0 
0.001 3.0 397 0.0 1.0 0.0 
0.001 3.5 397 0.0 1.0 0.0 
0.001 4.0 394 0.0 1.0 0.0 
0.001 4.5 397 0.0 1.0 0.0 
0.001 5.0 396 0.0 1.0 0.0 
0.001 5.5 401 0.0 1.0 0.0 
0.001 6.0 401 0.0 1.0 0.0 
0.00177827941004 1.0 397 0.0 1.0 0.0 
0.00177827941004 1.5 399 0.0 1.0 0.0 
0.00177827941004 2.0 409 0.0 1.0 0.0 
0.00177827941004 2.5 412 0.0 1.0 0.0 
0.00177827941004 3.0 408 0.0 1.0 0.0 
0.00177827941004 3.5 418 0.0 1.0 0.0 
0.00177827941004 4.0 421 0.0 1.0 0.0 
0.00177827941004 4.5 426 0.0 1.0 0.0 
0.00177827941004 5.0 435 0.0 1.0 0.0 
0.00177827941004 5.5 450 0.0 1.0 0.0 
0.00177827941004 6.0 457 0.0 1.0 0.0 
0.00316227766017 1.0 405 0.0 1.0 0.0 
0.00316227766017 1.5 417 0.0 1.0 0.0 
0.00316227766017 2.0 425 0.0 1.0 0.0 
0.00316227766017 2.5 427 0.0 1.0 0.0 
0.00316227766017 3.0 443 0.0 1.0 0.0 
0.00316227766017 3.5 451 0.0 1.0 0.0 
0.00316227766017 4.0 470 0.0 1.0 0.0 
0.00316227766017 4.5 489 0.0 1.0 0.0 
0.00316227766017 5.0 508 0.0 1.0 0.0 
0.00316227766017 5.5 511 0.0 1.0 0.0 
0.00316227766017 6.0 530 0.0 1.0 0.0 
0.0056234132519 1.0 412 0.0 1.0 0.0 
0.0056234132519 1.5 434 0.0 1.0 0.0 
0.0056234132519 2.0 451 0.0 1.0 0.0 
0.0056234132519 2.5 461 0.0 1.0 0.0 
0.0056234132519 3.0 486 0.0 1.0 0.0 
0.0056234132519 3.5 505 0.0 1.0 0.0 
0.0056234132519 4.0 523 0.0 1.0 0.0 
0.0056234132519 4.5 544 0.0 1.0 0.0 
0.0056234132519 5.0 560 0.0 1.0 0.0 
0.0056234132519 5.5 579 0.0 1.0 0.0 
0.0056234132519 6.0 586 0.0 1.0 0.0 
0.01 1.0 432 0.0 1.0 0.0 
0.01 1.5 457 0.0 1.0 0.0 
0.01 2.0 471 0.0 1.0 0.0 
0.01 2.5 485 0.0 1.0 0.0 
0.01 3.0 522 0.0 1.0 0.0 
0.01 3.5 546 0.0 1.0 0.0 
0.01 4.0 558 0.0 1.0 0.0 
0.01 4.5 587 0.0 1.0 0.0 
0.01 5.0 603 0.0 1.0 0.0 
0.01 5.5 627 0.0 1.0 0.0 
0.01 6.0 636 0.0 1.0 0.0 
0.0177827941004 1.0 439 0.0 1.0 0.0 
0.0177827941004 1.5 476 0.0 1.0 0.0 
0.0177827941004 2.0 507 0.0 1.0 0.0 
0.0177827941004 2.5 510 0.0 1.0 0.0 
0.0177827941004 3.0 554 0.0 1.0 0.0 
0.0177827941004 3.5 580 0.0 1.0 0.0 
0.0177827941004 4.0 594 0.0 1.0 0.0 
0.0177827941004 4.5 618 0.0 1.0 0.0 
0.0177827941004 5.0 635 0.0 1.0 0.0 
0.0177827941004 5.5 653 0.0 1.0 0.0 
0.0177827941004 6.0 670 0.0 1.0 0.0 
0.0316227766017 1.0 439 0.0 0.942307692308 0.0576923076923 
0.0316227766017 1.5 486 0.0 1.0 0.0 
0.0316227766017 2.0 515 0.0 1.0 0.0 
0.0316227766017 2.5 535 0.0 1.0 0.0 
0.0316227766017 3.0 571 0.0 1.0 0.0 
0.0316227766017 3.5 596 0.0 1.0 0.0 
0.0316227766017 4.0 619 0.0 1.0 0.0 
0.0316227766017 4.5 639 0.0 1.0 0.0 
0.0316227766017 5.0 646 0.0 1.0 0.0 
0.0316227766017 5.5 675 0.0 1.0 0.0 
0.0316227766017 6.0 677 0.0 1.0 0.0 
0.056234132519 1.0 437 0.0 0.451923076923 0.548076923077 
0.056234132519 1.5 495 0.0 0.658653846154 0.341346153846 
0.056234132519 2.0 527 0.0 0.927884615385 0.0721153846154 
0.056234132519 2.5 558 0.0 1.0 0.0 
0.056234132519 3.0 575 0.0 1.0 0.0 
0.056234132519 3.5 611 0.0 1.0 0.0 
0.056234132519 4.0 630 0.0 1.0 0.0 
0.056234132519 4.5 647 0.0 1.0 0.0 
0.056234132519 5.0 656 0.0 1.0 0.0 
0.056234132519 5.5 673 0.0 1.0 0.0 
0.056234132519 6.0 698 0.0 1.0 0.0 
0.1 1.0 392 0.00126262626263 0.225961538462 0.774038461538 
0.1 1.5 482 0.0 0.25 0.75 
0.1 2.0 528 0.0 0.331730769231 0.668269230769 
0.1 2.5 560 0.0 0.432692307692 0.567307692308 
0.1 3.0 580 0.0 0.629807692308 0.370192307692 
0.1 3.5 612 0.0 0.807692307692 0.192307692308 
0.1 4.0 621 0.0 0.899038461538 0.100961538462 
0.1 4.5 643 0.0 0.951923076923 0.0480769230769 
0.1 5.0 664 0.0 0.990384615385 0.00961538461538 
0.1 5.5 678 0.0 0.995192307692 0.00480769230769 
0.1 6.0 689 0.0 1.0 0.0 
0.177827941004 1.0 325 0.00252525252525 0.149038461538 0.850961538462 
0.177827941004 1.5 401 0.00252525252525 0.149038461538 0.850961538462 
0.177827941004 2.0 481 0.00126262626263 0.177884615385 0.822115384615 
0.177827941004 2.5 539 0.00126262626263 0.192307692308 0.807692307692 
0.177827941004 3.0 577 0.00126262626263 0.201923076923 0.798076923077 
0.177827941004 3.5 606 0.0 0.230769230769 0.769230769231 
0.177827941004 4.0 629 0.0 0.264423076923 0.735576923077 
0.177827941004 4.5 644 0.0 0.3125 0.6875 
0.177827941004 5.0 657 0.0 0.447115384615 0.552884615385 
0.177827941004 5.5 680 0.0 0.567307692308 0.432692307692 
0.177827941004 6.0 695 0.0 0.663461538462 0.336538461538 
0.316227766017 1.0 286 0.00505050505051 0.0961538461538 0.903846153846 
0.316227766017 1.5 345 0.00378787878788 0.0865384615385 0.913461538462 
0.316227766017 2.0 422 0.00378787878788 0.0865384615385 0.913461538462 
0.316227766017 2.5 479 0.00378787878788 0.0817307692308 0.918269230769 
0.316227766017 3.0 528 0.00252525252525 0.0817307692308 0.918269230769 
0.316227766017 3.5 567 0.00252525252525 0.0865384615385 0.913461538462 
0.316227766017 4.0 587 0.00252525252525 0.0913461538462 0.908653846154 
0.316227766017 4.5 613 0.00252525252525 0.110576923077 0.889423076923 
0.316227766017 5.0 636 0.00252525252525 0.120192307692 0.879807692308 
0.316227766017 5.5 662 0.00126262626263 0.144230769231 0.855769230769 
0.316227766017 6.0 685 0.00126262626263 0.177884615385 0.822115384615 
0.56234132519 1.0 238 0.00883838383838 0.0576923076923 0.942307692308 
0.56234132519 1.5 296 0.00757575757576 0.0625 0.9375 
0.56234132519 2.0 383 0.00757575757576 0.0576923076923 0.942307692308 
0.56234132519 2.5 429 0.00757575757576 0.0576923076923 0.942307692308 
0.56234132519 3.0 481 0.00757575757576 0.0528846153846 0.947115384615 
0.56234132519 3.5 510 0.00631313131313 0.0480769230769 0.951923076923 
0.56234132519 4.0 541 0.00631313131313 0.0480769230769 0.951923076923 
0.56234132519 4.5 569 0.00631313131313 0.0480769230769 0.951923076923 
0.56234132519 5.0 595 0.00631313131313 0.0528846153846 0.947115384615 
0.56234132519 5.5 627 0.00505050505051 0.0528846153846 0.947115384615 
0.56234132519 6.0 646 0.00505050505051 0.0528846153846 0.947115384615 
1.0 1.0 206 0.00757575757576 0.0432692307692 0.956730769231 
1.0 1.5 263 0.00883838383838 0.0432692307692 0.956730769231 
1.0 2.0 340 0.00757575757576 0.0384615384615 0.961538461538 
1.0 2.5 395 0.00757575757576 0.0384615384615 0.961538461538 
1.0 3.0 442 0.00757575757576 0.0384615384615 0.961538461538 
1.0 3.5 473 0.00631313131313 0.0384615384615 0.961538461538 
1.0 4.0 508 0.00631313131313 0.0384615384615 0.961538461538 
1.0 4.5 530 0.00631313131313 0.0384615384615 0.961538461538 
1.0 5.0 557 0.00505050505051 0.0384615384615 0.961538461538 
1.0 5.5 586 0.00505050505051 0.0384615384615 0.961538461538 
1.0 6.0 602 0.00505050505051 0.0384615384615 0.961538461538 
1.77827941004 1.0 181 0.00883838383838 0.0288461538462 0.971153846154 
1.77827941004 1.5 241 0.00883838383838 0.0384615384615 0.961538461538 
1.77827941004 2.0 307 0.00883838383838 0.0384615384615 0.961538461538 
1.77827941004 2.5 371 0.00631313131313 0.0384615384615 0.961538461538 
1.77827941004 3.0 409 0.00631313131313 0.0384615384615 0.961538461538 
1.77827941004 3.5 460 0.00631313131313 0.0384615384615 0.961538461538 
1.77827941004 4.0 472 0.00631313131313 0.0384615384615 0.961538461538 
1.77827941004 4.5 516 0.00631313131313 0.0432692307692 0.956730769231 
1.77827941004 5.0 542 0.00631313131313 0.0432692307692 0.956730769231 
1.77827941004 5.5 567 0.00631313131313 0.0384615384615 0.961538461538 
1.77827941004 6.0 587 0.00631313131313 0.0384615384615 0.961538461538 
3.16227766017 1.0 154 0.00757575757576 0.0240384615385 0.975961538462 
3.16227766017 1.5 218 0.00631313131313 0.0288461538462 0.971153846154 
3.16227766017 2.0 281 0.00757575757576 0.0288461538462 0.971153846154 
3.16227766017 2.5 348 0.00631313131313 0.0240384615385 0.975961538462 
3.16227766017 3.0 398 0.00757575757576 0.0336538461538 0.966346153846 
3.16227766017 3.5 430 0.00631313131313 0.0336538461538 0.966346153846 
3.16227766017 4.0 469 0.00631313131313 0.0336538461538 0.966346153846 
3.16227766017 4.5 491 0.00631313131313 0.0192307692308 0.980769230769 
3.16227766017 5.0 521 0.00631313131313 0.0144230769231 0.985576923077 
3.16227766017 5.5 543 0.00631313131313 0.0192307692308 0.980769230769 
3.16227766017 6.0 567 0.00631313131313 0.0240384615385 0.975961538462 
5.6234132519 1.0 138 0.00757575757576 0.0240384615385 0.975961538462 
5.6234132519 1.5 197 0.00505050505051 0.0192307692308 0.980769230769 
5.6234132519 2.0 263 0.00631313131313 0.0192307692308 0.980769230769 
5.6234132519 2.5 323 0.00631313131313 0.0192307692308 0.980769230769 
5.6234132519 3.0 367 0.00631313131313 0.0144230769231 0.985576923077 
5.6234132519 3.5 420 0.00631313131313 0.0192307692308 0.980769230769 
5.6234132519 4.0 451 0.00631313131313 0.0192307692308 0.980769230769 
5.6234132519 4.5 477 0.00631313131313 0.0144230769231 0.985576923077 
5.6234132519 5.0 504 0.00631313131313 0.0144230769231 0.985576923077 
5.6234132519 5.5 528 0.00631313131313 0.0144230769231 0.985576923077 
5.6234132519 6.0 557 0.00505050505051 0.0144230769231 0.985576923077 
10.0 1.0 123 0.00631313131313 0.0192307692308 0.980769230769 
10.0 1.5 185 0.00631313131313 0.0144230769231 0.985576923077 
10.0 2.0 245 0.00631313131313 0.00961538461538 0.990384615385 
10.0 2.5 309 0.00631313131313 0.00961538461538 0.990384615385 
10.0 3.0 365 0.00631313131313 0.00961538461538 0.990384615385 
10.0 3.5 407 0.00505050505051 0.00961538461538 0.990384615385 
10.0 4.0 437 0.00505050505051 0.00961538461538 0.990384615385 
10.0 4.5 468 0.00505050505051 0.0144230769231 0.985576923077 
10.0 5.0 498 0.00505050505051 0.0144230769231 0.985576923077 
10.0 5.5 524 0.00631313131313 0.0144230769231 0.985576923077 
10.0 6.0 538 0.00631313131313 0.0192307692308 0.980769230769 
17.7827941004 1.0 92 0.00757575757576 0.0144230769231 0.985576923077 
17.7827941004 1.5 187 0.00631313131313 0.00961538461538 0.990384615385 
17.7827941004 2.0 234 0.00631313131313 0.00961538461538 0.990384615385 
17.7827941004 2.5 300 0.00505050505051 0.00961538461538 0.990384615385 
17.7827941004 3.0 355 0.00505050505051 0.00961538461538 0.990384615385 
17.7827941004 3.5 404 0.00505050505051 0.0144230769231 0.985576923077 
17.7827941004 4.0 438 0.00757575757576 0.0144230769231 0.985576923077 
17.7827941004 4.5 471 0.00757575757576 0.0144230769231 0.985576923077 
17.7827941004 5.0 496 0.00757575757576 0.0192307692308 0.980769230769 
17.7827941004 5.5 520 0.00757575757576 0.0192307692308 0.980769230769 
17.7827941004 6.0 534 0.00757575757576 0.0192307692308 0.980769230769 
31.6227766017 1.0 50 0.00757575757576 0.00961538461538 0.990384615385 
31.6227766017 1.5 160 0.00505050505051 0.00961538461538 0.990384615385 
31.6227766017 2.0 220 0.00505050505051 0.0144230769231 0.985576923077 
31.6227766017 2.5 300 0.00631313131313 0.0144230769231 0.985576923077 
31.6227766017 3.0 351 0.00631313131313 0.0144230769231 0.985576923077 
31.6227766017 3.5 397 0.00631313131313 0.0144230769231 0.985576923077 
31.6227766017 4.0 439 0.00505050505051 0.0144230769231 0.985576923077 
31.6227766017 4.5 464 0.00505050505051 0.0144230769231 0.985576923077 
31.6227766017 5.0 492 0.00505050505051 0.0192307692308 0.980769230769 
31.6227766017 5.5 519 0.00505050505051 0.0192307692308 0.980769230769 
31.6227766017 6.0 535 0.00505050505051 0.0192307692308 0.980769230769 
56.234132519 1.0 42 0.00631313131313 0.00961538461538 0.990384615385 
56.234132519 1.5 162 0.00505050505051 0.0144230769231 0.985576923077 
56.234132519 2.0 222 0.00378787878788 0.0144230769231 0.985576923077 
56.234132519 2.5 299 0.00505050505051 0.0144230769231 0.985576923077 
56.234132519 3.0 350 0.00505050505051 0.0144230769231 0.985576923077 
56.234132519 3.5 394 0.00505050505051 0.0144230769231 0.985576923077 
56.234132519 4.0 434 0.00505050505051 0.0144230769231 0.985576923077 
56.234132519 4.5 459 0.00505050505051 0.0144230769231 0.985576923077 
56.234132519 5.0 498 0.00505050505051 0.0192307692308 0.980769230769 
56.234132519 5.5 521 0.00505050505051 0.0192307692308 0.980769230769 
56.234132519 6.0 537 0.00505050505051 0.0192307692308 0.980769230769 
100.0 1.0 41 0.00378787878788 0.0144230769231 0.985576923077 
100.0 1.5 143 0.00378787878788 0.0144230769231 0.985576923077 
100.0 2.0 227 0.00378787878788 0.0192307692308 0.980769230769 
100.0 2.5 298 0.00505050505051 0.0192307692308 0.980769230769 
100.0 3.0 347 0.00505050505051 0.0144230769231 0.985576923077 
100.0 3.5 393 0.00505050505051 0.0144230769231 0.985576923077 
100.0 4.0 434 0.00505050505051 0.0144230769231 0.985576923077 
100.0 4.5 459 0.00505050505051 0.0144230769231 0.985576923077 
100.0 5.0 498 0.00505050505051 0.0192307692308 0.980769230769 
100.0 5.5 521 0.00505050505051 0.0192307692308 0.980769230769 
100.0 6.0 537 0.00505050505051 0.0192307692308 0.980769230769 
