0.001 1.0 380 0.0 1.0 0.0 
0.001 1.5 384 0.0 1.0 0.0 
0.001 2.0 385 0.0 1.0 0.0 
0.001 2.5 390 0.0 1.0 0.0 
0.001 3.0 388 0.0 1.0 0.0 
0.001 3.5 389 0.0 1.0 0.0 
0.001 4.0 390 0.0 1.0 0.0 
0.001 4.5 394 0.0 1.0 0.0 
0.001 5.0 392 0.0 1.0 0.0 
0.001 5.5 395 0.0 1.0 0.0 
0.001 6.0 395 0.0 1.0 0.0 
0.00177827941004 1.0 389 0.0 1.0 0.0 
0.00177827941004 1.5 399 0.0 1.0 0.0 
0.00177827941004 2.0 400 0.0 1.0 0.0 
0.00177827941004 2.5 403 0.0 1.0 0.0 
0.00177827941004 3.0 407 0.0 1.0 0.0 
0.00177827941004 3.5 419 0.0 1.0 0.0 
0.00177827941004 4.0 424 0.0 1.0 0.0 
0.00177827941004 4.5 430 0.0 1.0 0.0 
0.00177827941004 5.0 432 0.0 1.0 0.0 
0.00177827941004 5.5 442 0.0 1.0 0.0 
0.00177827941004 6.0 464 0.0 1.0 0.0 
0.00316227766017 1.0 401 0.0 1.0 0.0 
0.00316227766017 1.5 420 0.0 1.0 0.0 
0.00316227766017 2.0 427 0.0 1.0 0.0 
0.00316227766017 2.5 428 0.0 1.0 0.0 
0.00316227766017 3.0 447 0.0 1.0 0.0 
0.00316227766017 3.5 456 0.0 1.0 0.0 
0.00316227766017 4.0 474 0.0 1.0 0.0 
0.00316227766017 4.5 481 0.0 1.0 0.0 
0.00316227766017 5.0 501 0.0 1.0 0.0 
0.00316227766017 5.5 518 0.0 1.0 0.0 
0.00316227766017 6.0 532 0.0 1.0 0.0 
0.0056234132519 1.0 413 0.0 1.0 0.0 
0.0056234132519 1.5 445 0.0 1.0 0.0 
0.0056234132519 2.0 448 0.0 1.0 0.0 
0.0056234132519 2.5 464 0.0 1.0 0.0 
0.0056234132519 3.0 475 0.0 1.0 0.0 
0.0056234132519 3.5 504 0.0 1.0 0.0 
0.0056234132519 4.0 510 0.0 1.0 0.0 
0.0056234132519 4.5 532 0.0 1.0 0.0 
0.0056234132519 5.0 557 0.0 1.0 0.0 
0.0056234132519 5.5 563 0.0 1.0 0.0 
0.0056234132519 6.0 578 0.0 1.0 0.0 
0.01 1.0 428 0.0 1.0 0.0 
0.01 1.5 468 0.0 1.0 0.0 
0.01 2.0 483 0.0 1.0 0.0 
0.01 2.5 498 0.0 1.0 0.0 
0.01 3.0 523 0.0 1.0 0.0 
0.01 3.5 545 0.0 1.0 0.0 
0.01 4.0 554 0.0 1.0 0.0 
0.01 4.5 575 0.0 1.0 0.0 
0.01 5.0 592 0.0 1.0 0.0 
0.01 5.5 601 0.0 1.0 0.0 
0.01 6.0 627 0.0 1.0 0.0 
0.0177827941004 1.0 439 0.0 1.0 0.0 
0.0177827941004 1.5 476 0.0 1.0 0.0 
0.0177827941004 2.0 501 0.0 1.0 0.0 
0.0177827941004 2.5 530 0.0 1.0 0.0 
0.0177827941004 3.0 561 0.0 1.0 0.0 
0.0177827941004 3.5 576 0.0 1.0 0.0 
0.0177827941004 4.0 586 0.0 1.0 0.0 
0.0177827941004 4.5 613 0.0 1.0 0.0 
0.0177827941004 5.0 634 0.0 1.0 0.0 
0.0177827941004 5.5 647 0.0 1.0 0.0 
0.0177827941004 6.0 673 0.0 1.0 0.0 
0.0316227766017 1.0 445 0.0 0.882978723404 0.117021276596 
0.0316227766017 1.5 497 0.0 1.0 0.0 
0.0316227766017 2.0 524 0.0 1.0 0.0 
0.0316227766017 2.5 556 0.0 1.0 0.0 
0.0316227766017 3.0 582 0.0 1.0 0.0 
0.0316227766017 3.5 592 0.0 1.0 0.0 
0.0316227766017 4.0 619 0.0 1.0 0.0 
0.0316227766017 4.5 638 0.0 1.0 0.0 
0.0316227766017 5.0 660 0.0 1.0 0.0 
0.0316227766017 5.5 672 0.0 1.0 0.0 
0.0316227766017 6.0 692 0.0 1.0 0.0 
0.056234132519 1.0 449 0.00246305418719 0.537234042553 0.462765957447 
0.056234132519 1.5 497 0.0012315270936 0.707446808511 0.292553191489 
0.056234132519 2.0 545 0.0 0.840425531915 0.159574468085 
0.056234132519 2.5 577 0.0 0.989361702128 0.0106382978723 
0.056234132519 3.0 608 0.0 1.0 0.0 
0.056234132519 3.5 619 0.0 1.0 0.0 
0.056234132519 4.0 646 0.0 1.0 0.0 
0.056234132519 4.5 654 0.0 1.0 0.0 
0.056234132519 5.0 669 0.0 1.0 0.0 
0.056234132519 5.5 684 0.0 1.0 0.0 
0.056234132519 6.0 704 0.0 1.0 0.0 
0.1 1.0 394 0.00492610837438 0.351063829787 0.648936170213 
0.1 1.5 490 0.00369458128079 0.38829787234 0.61170212766 
0.1 2.0 549 0.00246305418719 0.468085106383 0.531914893617 
0.1 2.5 583 0.00246305418719 0.56914893617 0.43085106383 
0.1 3.0 600 0.0012315270936 0.63829787234 0.36170212766 
0.1 3.5 624 0.0012315270936 0.739361702128 0.260638297872 
0.1 4.0 646 0.0 0.867021276596 0.132978723404 
0.1 4.5 658 0.0 0.920212765957 0.0797872340426 
0.1 5.0 679 0.0 0.962765957447 0.0372340425532 
0.1 5.5 683 0.0 0.984042553191 0.0159574468085 
0.1 6.0 708 0.0 0.989361702128 0.0106382978723 
0.177827941004 1.0 340 0.00615763546798 0.281914893617 0.718085106383 
0.177827941004 1.5 415 0.00615763546798 0.281914893617 0.718085106383 
0.177827941004 2.0 488 0.00492610837438 0.303191489362 0.696808510638 
0.177827941004 2.5 533 0.00369458128079 0.345744680851 0.654255319149 
0.177827941004 3.0 575 0.00369458128079 0.36170212766 0.63829787234 
0.177827941004 3.5 609 0.00369458128079 0.38829787234 0.61170212766 
0.177827941004 4.0 634 0.00246305418719 0.446808510638 0.553191489362 
0.177827941004 4.5 665 0.00246305418719 0.510638297872 0.489361702128 
0.177827941004 5.0 676 0.00246305418719 0.553191489362 0.446808510638 
0.177827941004 5.5 687 0.00246305418719 0.606382978723 0.393617021277 
0.177827941004 6.0 697 0.0012315270936 0.691489361702 0.308510638298 
0.316227766017 1.0 296 0.00738916256158 0.207446808511 0.792553191489 
0.316227766017 1.5 381 0.00738916256158 0.218085106383 0.781914893617 
0.316227766017 2.0 438 0.00615763546798 0.223404255319 0.776595744681 
0.316227766017 2.5 487 0.00492610837438 0.234042553191 0.765957446809 
0.316227766017 3.0 529 0.00492610837438 0.255319148936 0.744680851064 
0.316227766017 3.5 574 0.00492610837438 0.271276595745 0.728723404255 
0.316227766017 4.0 601 0.00492610837438 0.271276595745 0.728723404255 
0.316227766017 4.5 629 0.00492610837438 0.281914893617 0.718085106383 
0.316227766017 5.0 652 0.00492610837438 0.297872340426 0.702127659574 
0.316227766017 5.5 663 0.00492610837438 0.324468085106 0.675531914894 
0.316227766017 6.0 685 0.00492610837438 0.351063829787 0.648936170213 
0.56234132519 1.0 264 0.00862068965517 0.175531914894 0.824468085106 
0.56234132519 1.5 323 0.0110837438424 0.175531914894 0.824468085106 
0.56234132519 2.0 397 0.0110837438424 0.186170212766 0.813829787234 
0.56234132519 2.5 439 0.00985221674877 0.191489361702 0.808510638298 
0.56234132519 3.0 476 0.00862068965517 0.196808510638 0.803191489362 
0.56234132519 3.5 538 0.00738916256158 0.191489361702 0.808510638298 
0.56234132519 4.0 558 0.00738916256158 0.196808510638 0.803191489362 
0.56234132519 4.5 587 0.00738916256158 0.207446808511 0.792553191489 
0.56234132519 5.0 622 0.00738916256158 0.212765957447 0.787234042553 
0.56234132519 5.5 631 0.00738916256158 0.212765957447 0.787234042553 
0.56234132519 6.0 649 0.00615763546798 0.228723404255 0.771276595745 
1.0 1.0 250 0.0110837438424 0.175531914894 0.824468085106 
1.0 1.5 298 0.0110837438424 0.186170212766 0.813829787234 
1.0 2.0 366 0.00862068965517 0.191489361702 0.808510638298 
1.0 2.5 419 0.00985221674877 0.191489361702 0.808510638298 
1.0 3.0 461 0.00985221674877 0.18085106383 0.81914893617 
1.0 3.5 502 0.00985221674877 0.186170212766 0.813829787234 
1.0 4.0 529 0.00985221674877 0.186170212766 0.813829787234 
1.0 4.5 559 0.00985221674877 0.186170212766 0.813829787234 
1.0 5.0 592 0.012315270936 0.186170212766 0.813829787234 
1.0 5.5 604 0.012315270936 0.186170212766 0.813829787234 
1.0 6.0 626 0.012315270936 0.186170212766 0.813829787234 
1.77827941004 1.0 226 0.0135467980296 0.202127659574 0.797872340426 
1.77827941004 1.5 274 0.00862068965517 0.18085106383 0.81914893617 
1.77827941004 2.0 335 0.00985221674877 0.175531914894 0.824468085106 
1.77827941004 2.5 377 0.0110837438424 0.170212765957 0.829787234043 
1.77827941004 3.0 426 0.012315270936 0.164893617021 0.835106382979 
1.77827941004 3.5 467 0.0160098522167 0.170212765957 0.829787234043 
1.77827941004 4.0 497 0.0160098522167 0.170212765957 0.829787234043 
1.77827941004 4.5 523 0.0172413793103 0.164893617021 0.835106382979 
1.77827941004 5.0 562 0.0172413793103 0.164893617021 0.835106382979 
1.77827941004 5.5 581 0.0184729064039 0.164893617021 0.835106382979 
1.77827941004 6.0 601 0.0184729064039 0.170212765957 0.829787234043 
3.16227766017 1.0 205 0.00862068965517 0.170212765957 0.829787234043 
3.16227766017 1.5 245 0.0110837438424 0.170212765957 0.829787234043 
3.16227766017 2.0 317 0.0135467980296 0.170212765957 0.829787234043 
3.16227766017 2.5 360 0.0147783251232 0.170212765957 0.829787234043 
3.16227766017 3.0 415 0.0197044334975 0.159574468085 0.840425531915 
3.16227766017 3.5 454 0.0184729064039 0.164893617021 0.835106382979 
3.16227766017 4.0 475 0.0246305418719 0.164893617021 0.835106382979 
3.16227766017 4.5 501 0.0246305418719 0.159574468085 0.840425531915 
3.16227766017 5.0 531 0.0283251231527 0.159574468085 0.840425531915 
3.16227766017 5.5 541 0.0283251231527 0.159574468085 0.840425531915 
3.16227766017 6.0 564 0.0283251231527 0.164893617021 0.835106382979 
5.6234132519 1.0 191 0.0110837438424 0.164893617021 0.835106382979 
5.6234132519 1.5 235 0.012315270936 0.164893617021 0.835106382979 
5.6234132519 2.0 297 0.0172413793103 0.175531914894 0.824468085106 
5.6234132519 2.5 345 0.0197044334975 0.159574468085 0.840425531915 
5.6234132519 3.0 381 0.0270935960591 0.159574468085 0.840425531915 
5.6234132519 3.5 426 0.0270935960591 0.148936170213 0.851063829787 
5.6234132519 4.0 458 0.0283251231527 0.143617021277 0.856382978723 
5.6234132519 4.5 469 0.0295566502463 0.148936170213 0.851063829787 
5.6234132519 5.0 494 0.0332512315271 0.154255319149 0.845744680851 
5.6234132519 5.5 521 0.0332512315271 0.164893617021 0.835106382979 
5.6234132519 6.0 555 0.0320197044335 0.164893617021 0.835106382979 
10.0 1.0 175 0.012315270936 0.143617021277 0.856382978723 
10.0 1.5 211 0.0172413793103 0.164893617021 0.835106382979 
10.0 2.0 263 0.0233990147783 0.148936170213 0.851063829787 
10.0 2.5 325 0.0283251231527 0.159574468085 0.840425531915 
10.0 3.0 363 0.0283251231527 0.159574468085 0.840425531915 
10.0 3.5 397 0.0295566502463 0.154255319149 0.845744680851 
10.0 4.0 432 0.0344827586207 0.159574468085 0.840425531915 
10.0 4.5 452 0.0344827586207 0.159574468085 0.840425531915 
10.0 5.0 495 0.0357142857143 0.164893617021 0.835106382979 
10.0 5.5 508 0.0381773399015 0.164893617021 0.835106382979 
10.0 6.0 541 0.0381773399015 0.164893617021 0.835106382979 
17.7827941004 1.0 145 0.0184729064039 0.148936170213 0.851063829787 
17.7827941004 1.5 203 0.0221674876847 0.143617021277 0.856382978723 
17.7827941004 2.0 246 0.0270935960591 0.175531914894 0.824468085106 
17.7827941004 2.5 290 0.0295566502463 0.154255319149 0.845744680851 
17.7827941004 3.0 351 0.0332512315271 0.154255319149 0.845744680851 
17.7827941004 3.5 369 0.0357142857143 0.148936170213 0.851063829787 
17.7827941004 4.0 416 0.0381773399015 0.159574468085 0.840425531915 
17.7827941004 4.5 441 0.0381773399015 0.170212765957 0.829787234043 
17.7827941004 5.0 483 0.0394088669951 0.18085106383 0.81914893617 
17.7827941004 5.5 505 0.0394088669951 0.18085106383 0.81914893617 
17.7827941004 6.0 518 0.0381773399015 0.191489361702 0.808510638298 
31.6227766017 1.0 108 0.0221674876847 0.159574468085 0.840425531915 
31.6227766017 1.5 164 0.0209359605911 0.159574468085 0.840425531915 
31.6227766017 2.0 223 0.0283251231527 0.154255319149 0.845744680851 
31.6227766017 2.5 280 0.0320197044335 0.148936170213 0.851063829787 
31.6227766017 3.0 317 0.0344827586207 0.159574468085 0.840425531915 
31.6227766017 3.5 359 0.0394088669951 0.175531914894 0.824468085106 
31.6227766017 4.0 399 0.0418719211823 0.18085106383 0.81914893617 
31.6227766017 4.5 430 0.0381773399015 0.18085106383 0.81914893617 
31.6227766017 5.0 464 0.0394088669951 0.207446808511 0.792553191489 
31.6227766017 5.5 487 0.0406403940887 0.207446808511 0.792553191489 
31.6227766017 6.0 512 0.0406403940887 0.207446808511 0.792553191489 
56.234132519 1.0 109 0.0246305418719 0.154255319149 0.845744680851 
56.234132519 1.5 108 0.0258620689655 0.170212765957 0.829787234043 
56.234132519 2.0 115 0.0320197044335 0.143617021277 0.856382978723 
56.234132519 2.5 247 0.0344827586207 0.18085106383 0.81914893617 
56.234132519 3.0 305 0.0418719211823 0.191489361702 0.808510638298 
56.234132519 3.5 346 0.0418719211823 0.191489361702 0.808510638298 
56.234132519 4.0 389 0.0394088669951 0.207446808511 0.792553191489 
56.234132519 4.5 433 0.0394088669951 0.207446808511 0.792553191489 
56.234132519 5.0 453 0.0394088669951 0.207446808511 0.792553191489 
56.234132519 5.5 494 0.0418719211823 0.212765957447 0.787234042553 
56.234132519 6.0 507 0.0418719211823 0.212765957447 0.787234042553 
100.0 1.0 104 0.0209359605911 0.143617021277 0.856382978723 
100.0 1.5 104 0.0258620689655 0.132978723404 0.867021276596 
100.0 2.0 105 0.0320197044335 0.159574468085 0.840425531915 
100.0 2.5 110 0.0406403940887 0.191489361702 0.808510638298 
100.0 3.0 246 0.0418719211823 0.196808510638 0.803191489362 
100.0 3.5 327 0.0431034482759 0.207446808511 0.792553191489 
100.0 4.0 368 0.0406403940887 0.212765957447 0.787234042553 
100.0 4.5 414 0.0406403940887 0.212765957447 0.787234042553 
100.0 5.0 447 0.0431034482759 0.212765957447 0.787234042553 
100.0 5.5 483 0.0431034482759 0.212765957447 0.787234042553 
100.0 6.0 505 0.0431034482759 0.212765957447 0.787234042553 
