0.001 1.0 412 0.0 1.0 0.0 
0.001 1.5 416 0.0 1.0 0.0 
0.001 2.0 418 0.0 1.0 0.0 
0.001 2.5 417 0.0 1.0 0.0 
0.001 3.0 421 0.0 1.0 0.0 
0.001 3.5 422 0.0 1.0 0.0 
0.001 4.0 422 0.0 1.0 0.0 
0.001 4.5 424 0.0 1.0 0.0 
0.001 5.0 423 0.0 1.0 0.0 
0.001 5.5 424 0.0 1.0 0.0 
0.001 6.0 427 0.0 1.0 0.0 
0.00177827941004 1.0 421 0.0 1.0 0.0 
0.00177827941004 1.5 424 0.0 1.0 0.0 
0.00177827941004 2.0 432 0.0 1.0 0.0 
0.00177827941004 2.5 438 0.0 1.0 0.0 
0.00177827941004 3.0 442 0.0 1.0 0.0 
0.00177827941004 3.5 444 0.0 1.0 0.0 
0.00177827941004 4.0 445 0.0 1.0 0.0 
0.00177827941004 4.5 452 0.0 1.0 0.0 
0.00177827941004 5.0 459 0.0 1.0 0.0 
0.00177827941004 5.5 469 0.0 1.0 0.0 
0.00177827941004 6.0 481 0.0 1.0 0.0 
0.00316227766017 1.0 430 0.0 1.0 0.0 
0.00316227766017 1.5 440 0.0 1.0 0.0 
0.00316227766017 2.0 451 0.0 1.0 0.0 
0.00316227766017 2.5 461 0.0 1.0 0.0 
0.00316227766017 3.0 472 0.0 1.0 0.0 
0.00316227766017 3.5 474 0.0 1.0 0.0 
0.00316227766017 4.0 491 0.0 1.0 0.0 
0.00316227766017 4.5 518 0.0 1.0 0.0 
0.00316227766017 5.0 516 0.0 1.0 0.0 
0.00316227766017 5.5 529 0.0 1.0 0.0 
0.00316227766017 6.0 545 0.0 1.0 0.0 
0.0056234132519 1.0 446 0.0 1.0 0.0 
0.0056234132519 1.5 461 0.0 1.0 0.0 
0.0056234132519 2.0 481 0.0 1.0 0.0 
0.0056234132519 2.5 496 0.0 1.0 0.0 
0.0056234132519 3.0 501 0.0 1.0 0.0 
0.0056234132519 3.5 518 0.0 1.0 0.0 
0.0056234132519 4.0 537 0.0 1.0 0.0 
0.0056234132519 4.5 553 0.0 1.0 0.0 
0.0056234132519 5.0 565 0.0 1.0 0.0 
0.0056234132519 5.5 582 0.0 1.0 0.0 
0.0056234132519 6.0 598 0.0 1.0 0.0 
0.01 1.0 456 0.0 1.0 0.0 
0.01 1.5 474 0.0 1.0 0.0 
0.01 2.0 513 0.0 1.0 0.0 
0.01 2.5 522 0.0 1.0 0.0 
0.01 3.0 531 0.0 1.0 0.0 
0.01 3.5 568 0.0 1.0 0.0 
0.01 4.0 583 0.0 1.0 0.0 
0.01 4.5 600 0.0 1.0 0.0 
0.01 5.0 619 0.0 1.0 0.0 
0.01 5.5 636 0.0 1.0 0.0 
0.01 6.0 647 0.0 1.0 0.0 
0.0177827941004 1.0 464 0.0 1.0 0.0 
0.0177827941004 1.5 492 0.0 1.0 0.0 
0.0177827941004 2.0 533 0.0 1.0 0.0 
0.0177827941004 2.5 557 0.0 1.0 0.0 
0.0177827941004 3.0 578 0.0 1.0 0.0 
0.0177827941004 3.5 588 0.0 1.0 0.0 
0.0177827941004 4.0 621 0.0 1.0 0.0 
0.0177827941004 4.5 643 0.0 1.0 0.0 
0.0177827941004 5.0 648 0.0 1.0 0.0 
0.0177827941004 5.5 674 0.0 1.0 0.0 
0.0177827941004 6.0 674 0.0 1.0 0.0 
0.0316227766017 1.0 468 0.0 0.789743589744 0.210256410256 
0.0316227766017 1.5 514 0.0 1.0 0.0 
0.0316227766017 2.0 552 0.0 1.0 0.0 
0.0316227766017 2.5 571 0.0 1.0 0.0 
0.0316227766017 3.0 598 0.0 1.0 0.0 
0.0316227766017 3.5 626 0.0 1.0 0.0 
0.0316227766017 4.0 646 0.0 1.0 0.0 
0.0316227766017 4.5 660 0.0 1.0 0.0 
0.0316227766017 5.0 669 0.0 1.0 0.0 
0.0316227766017 5.5 690 0.0 1.0 0.0 
0.0316227766017 6.0 697 0.0 1.0 0.0 
0.056234132519 1.0 465 0.0 0.364102564103 0.635897435897 
0.056234132519 1.5 510 0.0 0.533333333333 0.466666666667 
0.056234132519 2.0 558 0.0 0.712820512821 0.287179487179 
0.056234132519 2.5 584 0.0 0.923076923077 0.0769230769231 
0.056234132519 3.0 613 0.0 1.0 0.0 
0.056234132519 3.5 642 0.0 1.0 0.0 
0.056234132519 4.0 641 0.0 1.0 0.0 
0.056234132519 4.5 675 0.0 1.0 0.0 
0.056234132519 5.0 692 0.0 1.0 0.0 
0.056234132519 5.5 703 0.0 1.0 0.0 
0.056234132519 6.0 713 0.0 1.0 0.0 
0.1 1.0 397 0.00745341614907 0.153846153846 0.846153846154 
0.1 1.5 474 0.00124223602484 0.189743589744 0.810256410256 
0.1 2.0 550 0.0 0.25641025641 0.74358974359 
0.1 2.5 594 0.0 0.358974358974 0.641025641026 
0.1 3.0 614 0.0 0.482051282051 0.517948717949 
0.1 3.5 646 0.0 0.589743589744 0.410256410256 
0.1 4.0 656 0.0 0.712820512821 0.287179487179 
0.1 4.5 672 0.0 0.841025641026 0.158974358974 
0.1 5.0 687 0.0 0.94358974359 0.0564102564103 
0.1 5.5 705 0.0 0.984615384615 0.0153846153846 
0.1 6.0 713 0.0 1.0 0.0 
0.177827941004 1.0 328 0.00869565217391 0.0974358974359 0.902564102564 
0.177827941004 1.5 393 0.00869565217391 0.0974358974359 0.902564102564 
0.177827941004 2.0 477 0.00621118012422 0.107692307692 0.892307692308 
0.177827941004 2.5 537 0.00496894409938 0.123076923077 0.876923076923 
0.177827941004 3.0 581 0.00124223602484 0.153846153846 0.846153846154 
0.177827941004 3.5 633 0.00124223602484 0.184615384615 0.815384615385 
0.177827941004 4.0 651 0.0 0.220512820513 0.779487179487 
0.177827941004 4.5 665 0.0 0.271794871795 0.728205128205 
0.177827941004 5.0 682 0.0 0.338461538462 0.661538461538 
0.177827941004 5.5 702 0.0 0.4 0.6 
0.177827941004 6.0 711 0.0 0.482051282051 0.517948717949 
0.316227766017 1.0 269 0.00993788819876 0.0820512820513 0.917948717949 
0.316227766017 1.5 347 0.00993788819876 0.0717948717949 0.928205128205 
0.316227766017 2.0 416 0.00993788819876 0.0717948717949 0.928205128205 
0.316227766017 2.5 479 0.00993788819876 0.0717948717949 0.928205128205 
0.316227766017 3.0 524 0.00745341614907 0.0769230769231 0.923076923077 
0.316227766017 3.5 557 0.00745341614907 0.0769230769231 0.923076923077 
0.316227766017 4.0 614 0.00496894409938 0.0769230769231 0.923076923077 
0.316227766017 4.5 629 0.00621118012422 0.0820512820513 0.917948717949 
0.316227766017 5.0 657 0.00621118012422 0.0974358974359 0.902564102564 
0.316227766017 5.5 672 0.00372670807453 0.117948717949 0.882051282051 
0.316227766017 6.0 685 0.00248447204969 0.133333333333 0.866666666667 
0.56234132519 1.0 236 0.016149068323 0.0615384615385 0.938461538462 
0.56234132519 1.5 294 0.0173913043478 0.0666666666667 0.933333333333 
0.56234132519 2.0 363 0.016149068323 0.0615384615385 0.938461538462 
0.56234132519 2.5 429 0.0124223602484 0.0615384615385 0.938461538462 
0.56234132519 3.0 469 0.0124223602484 0.0615384615385 0.938461538462 
0.56234132519 3.5 506 0.0111801242236 0.0615384615385 0.938461538462 
0.56234132519 4.0 552 0.0111801242236 0.0615384615385 0.938461538462 
0.56234132519 4.5 583 0.0111801242236 0.0615384615385 0.938461538462 
0.56234132519 5.0 606 0.0111801242236 0.0615384615385 0.938461538462 
0.56234132519 5.5 628 0.0111801242236 0.0666666666667 0.933333333333 
0.56234132519 6.0 652 0.0111801242236 0.0717948717949 0.928205128205 
1.0 1.0 203 0.0149068322981 0.0615384615385 0.938461538462 
1.0 1.5 251 0.0149068322981 0.0512820512821 0.948717948718 
1.0 2.0 323 0.0136645962733 0.0512820512821 0.948717948718 
1.0 2.5 396 0.0149068322981 0.0512820512821 0.948717948718 
1.0 3.0 442 0.0149068322981 0.0410256410256 0.958974358974 
1.0 3.5 474 0.0136645962733 0.0410256410256 0.958974358974 
1.0 4.0 519 0.0124223602484 0.0410256410256 0.958974358974 
1.0 4.5 542 0.0124223602484 0.0358974358974 0.964102564103 
1.0 5.0 573 0.0124223602484 0.0358974358974 0.964102564103 
1.0 5.5 594 0.0124223602484 0.0358974358974 0.964102564103 
1.0 6.0 618 0.0124223602484 0.0410256410256 0.958974358974 
1.77827941004 1.0 190 0.0186335403727 0.0512820512821 0.948717948718 
1.77827941004 1.5 229 0.0149068322981 0.0461538461538 0.953846153846 
1.77827941004 2.0 289 0.0149068322981 0.0358974358974 0.964102564103 
1.77827941004 2.5 364 0.016149068323 0.0410256410256 0.958974358974 
1.77827941004 3.0 420 0.016149068323 0.0307692307692 0.969230769231 
1.77827941004 3.5 448 0.016149068323 0.0307692307692 0.969230769231 
1.77827941004 4.0 491 0.016149068323 0.0307692307692 0.969230769231 
1.77827941004 4.5 526 0.016149068323 0.0307692307692 0.969230769231 
1.77827941004 5.0 546 0.0149068322981 0.0307692307692 0.969230769231 
1.77827941004 5.5 565 0.0149068322981 0.0358974358974 0.964102564103 
1.77827941004 6.0 598 0.0149068322981 0.0358974358974 0.964102564103 
3.16227766017 1.0 152 0.016149068323 0.0461538461538 0.953846153846 
3.16227766017 1.5 214 0.0173913043478 0.0410256410256 0.958974358974 
3.16227766017 2.0 284 0.0149068322981 0.0410256410256 0.958974358974 
3.16227766017 2.5 345 0.0149068322981 0.0307692307692 0.969230769231 
3.16227766017 3.0 393 0.0149068322981 0.0307692307692 0.969230769231 
3.16227766017 3.5 434 0.016149068323 0.025641025641 0.974358974359 
3.16227766017 4.0 470 0.0149068322981 0.025641025641 0.974358974359 
3.16227766017 4.5 498 0.0149068322981 0.0307692307692 0.969230769231 
3.16227766017 5.0 534 0.0136645962733 0.025641025641 0.974358974359 
3.16227766017 5.5 556 0.0149068322981 0.025641025641 0.974358974359 
3.16227766017 6.0 584 0.0149068322981 0.0307692307692 0.969230769231 
5.6234132519 1.0 134 0.0186335403727 0.0512820512821 0.948717948718 
5.6234132519 1.5 198 0.0186335403727 0.0512820512821 0.948717948718 
5.6234132519 2.0 260 0.0136645962733 0.0307692307692 0.969230769231 
5.6234132519 2.5 318 0.0136645962733 0.0307692307692 0.969230769231 
5.6234132519 3.0 371 0.0136645962733 0.0307692307692 0.969230769231 
5.6234132519 3.5 423 0.0136645962733 0.0307692307692 0.969230769231 
5.6234132519 4.0 458 0.0136645962733 0.0307692307692 0.969230769231 
5.6234132519 4.5 482 0.0136645962733 0.0307692307692 0.969230769231 
5.6234132519 5.0 515 0.0136645962733 0.0307692307692 0.969230769231 
5.6234132519 5.5 554 0.0136645962733 0.0307692307692 0.969230769231 
5.6234132519 6.0 574 0.0124223602484 0.0307692307692 0.969230769231 
10.0 1.0 118 0.0136645962733 0.0512820512821 0.948717948718 
10.0 1.5 183 0.0149068322981 0.0410256410256 0.958974358974 
10.0 2.0 246 0.016149068323 0.0307692307692 0.969230769231 
10.0 2.5 311 0.0111801242236 0.0307692307692 0.969230769231 
10.0 3.0 373 0.0149068322981 0.0358974358974 0.964102564103 
10.0 3.5 418 0.0149068322981 0.0358974358974 0.964102564103 
10.0 4.0 444 0.0149068322981 0.0307692307692 0.969230769231 
10.0 4.5 474 0.0149068322981 0.0307692307692 0.969230769231 
10.0 5.0 505 0.0136645962733 0.0307692307692 0.969230769231 
10.0 5.5 541 0.0149068322981 0.0307692307692 0.969230769231 
10.0 6.0 573 0.0149068322981 0.0307692307692 0.969230769231 
17.7827941004 1.0 84 0.0149068322981 0.0410256410256 0.958974358974 
17.7827941004 1.5 170 0.0124223602484 0.0307692307692 0.969230769231 
17.7827941004 2.0 250 0.0124223602484 0.0358974358974 0.964102564103 
17.7827941004 2.5 298 0.0149068322981 0.0358974358974 0.964102564103 
17.7827941004 3.0 358 0.016149068323 0.0307692307692 0.969230769231 
17.7827941004 3.5 406 0.0149068322981 0.0307692307692 0.969230769231 
17.7827941004 4.0 434 0.0149068322981 0.025641025641 0.974358974359 
17.7827941004 4.5 473 0.0149068322981 0.0307692307692 0.969230769231 
17.7827941004 5.0 501 0.0149068322981 0.0307692307692 0.969230769231 
17.7827941004 5.5 540 0.016149068323 0.0307692307692 0.969230769231 
17.7827941004 6.0 569 0.016149068323 0.0307692307692 0.969230769231 
31.6227766017 1.0 49 0.0124223602484 0.0358974358974 0.964102564103 
31.6227766017 1.5 165 0.0111801242236 0.0358974358974 0.964102564103 
31.6227766017 2.0 238 0.0136645962733 0.0307692307692 0.969230769231 
31.6227766017 2.5 297 0.016149068323 0.0307692307692 0.969230769231 
31.6227766017 3.0 365 0.016149068323 0.0307692307692 0.969230769231 
31.6227766017 3.5 405 0.0149068322981 0.0358974358974 0.964102564103 
31.6227766017 4.0 432 0.0149068322981 0.0307692307692 0.969230769231 
31.6227766017 4.5 471 0.0149068322981 0.0307692307692 0.969230769231 
31.6227766017 5.0 502 0.0149068322981 0.0307692307692 0.969230769231 
31.6227766017 5.5 538 0.016149068323 0.0307692307692 0.969230769231 
31.6227766017 6.0 573 0.016149068323 0.0307692307692 0.969230769231 
56.234132519 1.0 43 0.0124223602484 0.0358974358974 0.964102564103 
56.234132519 1.5 159 0.0111801242236 0.0307692307692 0.969230769231 
56.234132519 2.0 237 0.0136645962733 0.025641025641 0.974358974359 
56.234132519 2.5 300 0.016149068323 0.025641025641 0.974358974359 
56.234132519 3.0 362 0.016149068323 0.025641025641 0.974358974359 
56.234132519 3.5 410 0.0149068322981 0.0307692307692 0.969230769231 
56.234132519 4.0 435 0.0149068322981 0.0307692307692 0.969230769231 
56.234132519 4.5 471 0.0149068322981 0.0307692307692 0.969230769231 
56.234132519 5.0 502 0.0149068322981 0.0307692307692 0.969230769231 
56.234132519 5.5 538 0.016149068323 0.0307692307692 0.969230769231 
56.234132519 6.0 573 0.016149068323 0.0307692307692 0.969230769231 
100.0 1.0 41 0.0124223602484 0.0358974358974 0.964102564103 
100.0 1.5 165 0.0111801242236 0.0358974358974 0.964102564103 
100.0 2.0 234 0.0136645962733 0.025641025641 0.974358974359 
100.0 2.5 304 0.016149068323 0.025641025641 0.974358974359 
100.0 3.0 362 0.016149068323 0.025641025641 0.974358974359 
100.0 3.5 410 0.0149068322981 0.0307692307692 0.969230769231 
100.0 4.0 435 0.0149068322981 0.0307692307692 0.969230769231 
100.0 4.5 471 0.0149068322981 0.0307692307692 0.969230769231 
100.0 5.0 502 0.0149068322981 0.0307692307692 0.969230769231 
100.0 5.5 538 0.016149068323 0.0307692307692 0.969230769231 
100.0 6.0 573 0.016149068323 0.0307692307692 0.969230769231 
