0.001 1.0 371 0.0 1.0 0.0 
0.001 1.5 375 0.0 1.0 0.0 
0.001 2.0 380 0.0 1.0 0.0 
0.001 2.5 375 0.0 1.0 0.0 
0.001 3.0 380 0.0 1.0 0.0 
0.001 3.5 382 0.0 1.0 0.0 
0.001 4.0 381 0.0 1.0 0.0 
0.001 4.5 385 0.0 1.0 0.0 
0.001 5.0 385 0.0 1.0 0.0 
0.001 5.5 389 0.0 1.0 0.0 
0.001 6.0 386 0.0 1.0 0.0 
0.00177827941004 1.0 378 0.0 1.0 0.0 
0.00177827941004 1.5 385 0.0 1.0 0.0 
0.00177827941004 2.0 391 0.0 1.0 0.0 
0.00177827941004 2.5 392 0.0 1.0 0.0 
0.00177827941004 3.0 399 0.0 1.0 0.0 
0.00177827941004 3.5 407 0.0 1.0 0.0 
0.00177827941004 4.0 407 0.0 1.0 0.0 
0.00177827941004 4.5 412 0.0 1.0 0.0 
0.00177827941004 5.0 427 0.0 1.0 0.0 
0.00177827941004 5.5 435 0.0 1.0 0.0 
0.00177827941004 6.0 457 0.0 1.0 0.0 
0.00316227766017 1.0 384 0.0 1.0 0.0 
0.00316227766017 1.5 407 0.0 1.0 0.0 
0.00316227766017 2.0 407 0.0 1.0 0.0 
0.00316227766017 2.5 414 0.0 1.0 0.0 
0.00316227766017 3.0 432 0.0 1.0 0.0 
0.00316227766017 3.5 447 0.0 1.0 0.0 
0.00316227766017 4.0 469 0.0 1.0 0.0 
0.00316227766017 4.5 482 0.0 1.0 0.0 
0.00316227766017 5.0 495 0.0 1.0 0.0 
0.00316227766017 5.5 508 0.0 1.0 0.0 
0.00316227766017 6.0 516 0.0 1.0 0.0 
0.0056234132519 1.0 396 0.0 1.0 0.0 
0.0056234132519 1.5 426 0.0 1.0 0.0 
0.0056234132519 2.0 431 0.0 1.0 0.0 
0.0056234132519 2.5 453 0.0 1.0 0.0 
0.0056234132519 3.0 475 0.0 1.0 0.0 
0.0056234132519 3.5 493 0.0 1.0 0.0 
0.0056234132519 4.0 511 0.0 1.0 0.0 
0.0056234132519 4.5 523 0.0 1.0 0.0 
0.0056234132519 5.0 554 0.0 1.0 0.0 
0.0056234132519 5.5 559 0.0 1.0 0.0 
0.0056234132519 6.0 571 0.0 1.0 0.0 
0.01 1.0 413 0.0 1.0 0.0 
0.01 1.5 448 0.0 1.0 0.0 
0.01 2.0 455 0.0 1.0 0.0 
0.01 2.5 494 0.0 1.0 0.0 
0.01 3.0 522 0.0 1.0 0.0 
0.01 3.5 532 0.0 1.0 0.0 
0.01 4.0 566 0.0 1.0 0.0 
0.01 4.5 577 0.0 1.0 0.0 
0.01 5.0 613 0.0 1.0 0.0 
0.01 5.5 612 0.0 1.0 0.0 
0.01 6.0 623 0.0 1.0 0.0 
0.0177827941004 1.0 421 0.0 1.0 0.0 
0.0177827941004 1.5 468 0.0 1.0 0.0 
0.0177827941004 2.0 488 0.0 1.0 0.0 
0.0177827941004 2.5 516 0.0 1.0 0.0 
0.0177827941004 3.0 543 0.0 1.0 0.0 
0.0177827941004 3.5 577 0.0 1.0 0.0 
0.0177827941004 4.0 605 0.0 1.0 0.0 
0.0177827941004 4.5 614 0.0 1.0 0.0 
0.0177827941004 5.0 658 0.0 1.0 0.0 
0.0177827941004 5.5 664 0.0 1.0 0.0 
0.0177827941004 6.0 683 0.0 1.0 0.0 
0.0316227766017 1.0 426 0.0 0.975369458128 0.0246305418719 
0.0316227766017 1.5 478 0.0 1.0 0.0 
0.0316227766017 2.0 519 0.0 1.0 0.0 
0.0316227766017 2.5 550 0.0 1.0 0.0 
0.0316227766017 3.0 568 0.0 1.0 0.0 
0.0316227766017 3.5 598 0.0 1.0 0.0 
0.0316227766017 4.0 632 0.0 1.0 0.0 
0.0316227766017 4.5 645 0.0 1.0 0.0 
0.0316227766017 5.0 670 0.0 1.0 0.0 
0.0316227766017 5.5 679 0.0 1.0 0.0 
0.0316227766017 6.0 698 0.0 1.0 0.0 
0.056234132519 1.0 422 0.00125470514429 0.492610837438 0.507389162562 
0.056234132519 1.5 483 0.0 0.684729064039 0.315270935961 
0.056234132519 2.0 532 0.0 0.955665024631 0.0443349753695 
0.056234132519 2.5 559 0.0 1.0 0.0 
0.056234132519 3.0 585 0.0 1.0 0.0 
0.056234132519 3.5 614 0.0 1.0 0.0 
0.056234132519 4.0 654 0.0 1.0 0.0 
0.056234132519 4.5 659 0.0 1.0 0.0 
0.056234132519 5.0 671 0.0 1.0 0.0 
0.056234132519 5.5 691 0.0 1.0 0.0 
0.056234132519 6.0 712 0.0 1.0 0.0 
0.1 1.0 393 0.00627352572146 0.231527093596 0.768472906404 
0.1 1.5 472 0.00501882057716 0.270935960591 0.729064039409 
0.1 2.0 529 0.00250941028858 0.354679802956 0.645320197044 
0.1 2.5 563 0.0 0.512315270936 0.487684729064 
0.1 3.0 591 0.0 0.665024630542 0.334975369458 
0.1 3.5 628 0.0 0.852216748768 0.147783251232 
0.1 4.0 641 0.0 0.935960591133 0.064039408867 
0.1 4.5 661 0.0 0.975369458128 0.0246305418719 
0.1 5.0 680 0.0 1.0 0.0 
0.1 5.5 707 0.0 1.0 0.0 
0.1 6.0 710 0.0 1.0 0.0 
0.177827941004 1.0 322 0.0112923462986 0.113300492611 0.886699507389 
0.177827941004 1.5 400 0.00878293601004 0.128078817734 0.871921182266 
0.177827941004 2.0 471 0.00752823086575 0.147783251232 0.852216748768 
0.177827941004 2.5 552 0.00627352572146 0.187192118227 0.812807881773 
0.177827941004 3.0 590 0.00501882057716 0.221674876847 0.778325123153 
0.177827941004 3.5 619 0.00376411543287 0.261083743842 0.738916256158 
0.177827941004 4.0 647 0.00250941028858 0.315270935961 0.684729064039 
0.177827941004 4.5 667 0.00125470514429 0.384236453202 0.615763546798 
0.177827941004 5.0 679 0.0 0.48275862069 0.51724137931 
0.177827941004 5.5 695 0.0 0.615763546798 0.384236453202 
0.177827941004 6.0 714 0.0 0.704433497537 0.295566502463 
0.316227766017 1.0 288 0.0125470514429 0.0837438423645 0.916256157635 
0.316227766017 1.5 354 0.0138017565872 0.0935960591133 0.906403940887 
0.316227766017 2.0 425 0.0125470514429 0.103448275862 0.896551724138 
0.316227766017 2.5 501 0.0100376411543 0.103448275862 0.896551724138 
0.316227766017 3.0 553 0.00878293601004 0.103448275862 0.896551724138 
0.316227766017 3.5 577 0.00878293601004 0.113300492611 0.886699507389 
0.316227766017 4.0 611 0.00752823086575 0.118226600985 0.881773399015 
0.316227766017 4.5 635 0.00752823086575 0.133004926108 0.866995073892 
0.316227766017 5.0 650 0.00752823086575 0.147783251232 0.852216748768 
0.316227766017 5.5 676 0.00501882057716 0.167487684729 0.832512315271 
0.316227766017 6.0 705 0.00501882057716 0.187192118227 0.812807881773 
0.56234132519 1.0 250 0.0188205771644 0.0541871921182 0.945812807882 
0.56234132519 1.5 311 0.0175658720201 0.064039408867 0.935960591133 
0.56234132519 2.0 382 0.0163111668758 0.0837438423645 0.916256157635 
0.56234132519 2.5 449 0.0150564617315 0.0886699507389 0.911330049261 
0.56234132519 3.0 496 0.0138017565872 0.0886699507389 0.911330049261 
0.56234132519 3.5 531 0.0125470514429 0.0935960591133 0.906403940887 
0.56234132519 4.0 557 0.0125470514429 0.0985221674877 0.901477832512 
0.56234132519 4.5 599 0.0112923462986 0.103448275862 0.896551724138 
0.56234132519 5.0 621 0.0112923462986 0.108374384236 0.891625615764 
0.56234132519 5.5 642 0.0100376411543 0.108374384236 0.891625615764 
0.56234132519 6.0 668 0.0100376411543 0.108374384236 0.891625615764 
1.0 1.0 222 0.0163111668758 0.0788177339901 0.92118226601 
1.0 1.5 281 0.0175658720201 0.0886699507389 0.911330049261 
1.0 2.0 350 0.0150564617315 0.0886699507389 0.911330049261 
1.0 2.5 406 0.0150564617315 0.0837438423645 0.916256157635 
1.0 3.0 458 0.0138017565872 0.0837438423645 0.916256157635 
1.0 3.5 501 0.0125470514429 0.0886699507389 0.911330049261 
1.0 4.0 527 0.0125470514429 0.0935960591133 0.906403940887 
1.0 4.5 556 0.0100376411543 0.0985221674877 0.901477832512 
1.0 5.0 584 0.0112923462986 0.0985221674877 0.901477832512 
1.0 5.5 603 0.0112923462986 0.0985221674877 0.901477832512 
1.0 6.0 639 0.0112923462986 0.0985221674877 0.901477832512 
1.77827941004 1.0 200 0.0175658720201 0.0738916256158 0.926108374384 
1.77827941004 1.5 260 0.0175658720201 0.0788177339901 0.92118226601 
1.77827941004 2.0 315 0.0163111668758 0.0738916256158 0.926108374384 
1.77827941004 2.5 382 0.0188205771644 0.0837438423645 0.916256157635 
1.77827941004 3.0 426 0.0188205771644 0.0788177339901 0.92118226601 
1.77827941004 3.5 461 0.0188205771644 0.0837438423645 0.916256157635 
1.77827941004 4.0 506 0.0150564617315 0.0935960591133 0.906403940887 
1.77827941004 4.5 529 0.0150564617315 0.0886699507389 0.911330049261 
1.77827941004 5.0 547 0.0150564617315 0.0886699507389 0.911330049261 
1.77827941004 5.5 579 0.0150564617315 0.0886699507389 0.911330049261 
1.77827941004 6.0 608 0.0150564617315 0.0886699507389 0.911330049261 
3.16227766017 1.0 183 0.0188205771644 0.0689655172414 0.931034482759 
3.16227766017 1.5 244 0.0200752823087 0.064039408867 0.935960591133 
3.16227766017 2.0 307 0.0225846925972 0.0689655172414 0.931034482759 
3.16227766017 2.5 357 0.0188205771644 0.0689655172414 0.931034482759 
3.16227766017 3.0 412 0.0188205771644 0.0837438423645 0.916256157635 
3.16227766017 3.5 453 0.0188205771644 0.0935960591133 0.906403940887 
3.16227766017 4.0 489 0.0188205771644 0.0935960591133 0.906403940887 
3.16227766017 4.5 524 0.0175658720201 0.0935960591133 0.906403940887 
3.16227766017 5.0 540 0.0163111668758 0.0935960591133 0.906403940887 
3.16227766017 5.5 571 0.0163111668758 0.0985221674877 0.901477832512 
3.16227766017 6.0 604 0.0163111668758 0.103448275862 0.896551724138 
5.6234132519 1.0 167 0.0213299874529 0.0591133004926 0.940886699507 
5.6234132519 1.5 223 0.0250941028858 0.0689655172414 0.931034482759 
5.6234132519 2.0 283 0.0188205771644 0.0738916256158 0.926108374384 
5.6234132519 2.5 351 0.0200752823087 0.0886699507389 0.911330049261 
5.6234132519 3.0 390 0.0200752823087 0.0886699507389 0.911330049261 
5.6234132519 3.5 439 0.0188205771644 0.0886699507389 0.911330049261 
5.6234132519 4.0 473 0.0188205771644 0.0935960591133 0.906403940887 
5.6234132519 4.5 512 0.0175658720201 0.103448275862 0.896551724138 
5.6234132519 5.0 526 0.0163111668758 0.108374384236 0.891625615764 
5.6234132519 5.5 562 0.0163111668758 0.113300492611 0.886699507389 
5.6234132519 6.0 583 0.0163111668758 0.113300492611 0.886699507389 
10.0 1.0 153 0.0225846925972 0.0689655172414 0.931034482759 
10.0 1.5 208 0.0213299874529 0.0788177339901 0.92118226601 
10.0 2.0 268 0.0213299874529 0.0837438423645 0.916256157635 
10.0 2.5 337 0.0188205771644 0.0935960591133 0.906403940887 
10.0 3.0 387 0.0188205771644 0.0935960591133 0.906403940887 
10.0 3.5 429 0.0175658720201 0.0985221674877 0.901477832512 
10.0 4.0 457 0.0175658720201 0.108374384236 0.891625615764 
10.0 4.5 494 0.0188205771644 0.113300492611 0.886699507389 
10.0 5.0 516 0.0175658720201 0.12315270936 0.87684729064 
10.0 5.5 546 0.0188205771644 0.118226600985 0.881773399015 
10.0 6.0 577 0.0175658720201 0.118226600985 0.881773399015 
17.7827941004 1.0 107 0.0263488080301 0.0689655172414 0.931034482759 
17.7827941004 1.5 205 0.0213299874529 0.0886699507389 0.911330049261 
17.7827941004 2.0 265 0.0188205771644 0.0935960591133 0.906403940887 
17.7827941004 2.5 321 0.0200752823087 0.0935960591133 0.906403940887 
17.7827941004 3.0 369 0.0188205771644 0.113300492611 0.886699507389 
17.7827941004 3.5 415 0.0188205771644 0.118226600985 0.881773399015 
17.7827941004 4.0 454 0.0188205771644 0.118226600985 0.881773399015 
17.7827941004 4.5 484 0.0175658720201 0.12315270936 0.87684729064 
17.7827941004 5.0 511 0.0163111668758 0.128078817734 0.871921182266 
17.7827941004 5.5 546 0.0175658720201 0.12315270936 0.87684729064 
17.7827941004 6.0 568 0.0188205771644 0.118226600985 0.881773399015 
31.6227766017 1.0 76 0.0200752823087 0.0689655172414 0.931034482759 
31.6227766017 1.5 185 0.0188205771644 0.0886699507389 0.911330049261 
31.6227766017 2.0 260 0.0200752823087 0.0935960591133 0.906403940887 
31.6227766017 2.5 306 0.0213299874529 0.118226600985 0.881773399015 
31.6227766017 3.0 358 0.0188205771644 0.118226600985 0.881773399015 
31.6227766017 3.5 406 0.0188205771644 0.118226600985 0.881773399015 
31.6227766017 4.0 439 0.0188205771644 0.12315270936 0.87684729064 
31.6227766017 4.5 476 0.0188205771644 0.12315270936 0.87684729064 
31.6227766017 5.0 503 0.0188205771644 0.12315270936 0.87684729064 
31.6227766017 5.5 529 0.0213299874529 0.118226600985 0.881773399015 
31.6227766017 6.0 563 0.0200752823087 0.118226600985 0.881773399015 
56.234132519 1.0 74 0.0200752823087 0.0788177339901 0.92118226601 
56.234132519 1.5 158 0.0188205771644 0.0985221674877 0.901477832512 
56.234132519 2.0 233 0.0213299874529 0.108374384236 0.891625615764 
56.234132519 2.5 293 0.0213299874529 0.118226600985 0.881773399015 
56.234132519 3.0 348 0.0200752823087 0.113300492611 0.886699507389 
56.234132519 3.5 408 0.0200752823087 0.118226600985 0.881773399015 
56.234132519 4.0 436 0.0175658720201 0.113300492611 0.886699507389 
56.234132519 4.5 468 0.0213299874529 0.118226600985 0.881773399015 
56.234132519 5.0 495 0.0200752823087 0.12315270936 0.87684729064 
56.234132519 5.5 529 0.0213299874529 0.128078817734 0.871921182266 
56.234132519 6.0 553 0.0213299874529 0.128078817734 0.871921182266 
100.0 1.0 73 0.0188205771644 0.0837438423645 0.916256157635 
100.0 1.5 76 0.0225846925972 0.108374384236 0.891625615764 
100.0 2.0 223 0.0238393977415 0.113300492611 0.886699507389 
100.0 2.5 299 0.0225846925972 0.108374384236 0.891625615764 
100.0 3.0 343 0.0225846925972 0.12315270936 0.87684729064 
100.0 3.5 398 0.0213299874529 0.113300492611 0.886699507389 
100.0 4.0 434 0.0238393977415 0.12315270936 0.87684729064 
100.0 4.5 455 0.0250941028858 0.137931034483 0.862068965517 
100.0 5.0 485 0.0225846925972 0.142857142857 0.857142857143 
100.0 5.5 522 0.0213299874529 0.137931034483 0.862068965517 
100.0 6.0 554 0.0225846925972 0.133004926108 0.866995073892 
