0.001 1.0 3639 0.0 1.0 0.0 
0.001 1.5 3644 0.0 1.0 0.0 
0.001 2.0 3643 0.0 1.0 0.0 
0.001 2.5 3648 0.0 1.0 0.0 
0.001 3.0 3646 0.0 1.0 0.0 
0.001 3.5 3651 0.0 1.0 0.0 
0.001 4.0 3641 0.0 1.0 0.0 
0.001 4.5 3648 0.0 1.0 0.0 
0.001 5.0 3650 0.0 1.0 0.0 
0.001 5.5 3649 0.0 1.0 0.0 
0.001 6.0 3658 0.0 1.0 0.0 
0.00177827941004 1.0 3653 0.0 1.0 0.0 
0.00177827941004 1.5 3676 0.0 1.0 0.0 
0.00177827941004 2.0 3675 0.0 1.0 0.0 
0.00177827941004 2.5 3680 0.0 1.0 0.0 
0.00177827941004 3.0 3684 0.0 1.0 0.0 
0.00177827941004 3.5 3690 0.0 1.0 0.0 
0.00177827941004 4.0 3701 0.0 1.0 0.0 
0.00177827941004 4.5 3704 0.0 1.0 0.0 
0.00177827941004 5.0 3702 0.0 1.0 0.0 
0.00177827941004 5.5 3704 0.0 1.0 0.0 
0.00177827941004 6.0 3714 0.0 1.0 0.0 
0.00316227766017 1.0 3671 0.0 1.0 0.0 
0.00316227766017 1.5 3699 0.0 1.0 0.0 
0.00316227766017 2.0 3727 0.0 1.0 0.0 
0.00316227766017 2.5 3745 0.0 1.0 0.0 
0.00316227766017 3.0 3762 0.0 1.0 0.0 
0.00316227766017 3.5 3773 0.0 1.0 0.0 
0.00316227766017 4.0 3761 0.0 1.0 0.0 
0.00316227766017 4.5 3781 0.0 1.0 0.0 
0.00316227766017 5.0 3793 0.0 1.0 0.0 
0.00316227766017 5.5 3784 0.0 1.0 0.0 
0.00316227766017 6.0 3812 0.0 1.0 0.0 
0.0056234132519 1.0 3695 0.000122144863808 0.552123552124 0.447876447876 
0.0056234132519 1.5 3750 0.0 0.751241036955 0.248758963045 
0.0056234132519 2.0 3813 0.0 1.0 0.0 
0.0056234132519 2.5 3863 0.0 1.0 0.0 
0.0056234132519 3.0 3849 0.0 1.0 0.0 
0.0056234132519 3.5 3852 0.0 1.0 0.0 
0.0056234132519 4.0 3876 0.0 1.0 0.0 
0.0056234132519 4.5 3889 0.0 1.0 0.0 
0.0056234132519 5.0 3912 0.0 1.0 0.0 
0.0056234132519 5.5 3911 0.0 1.0 0.0 
0.0056234132519 6.0 3944 0.0 1.0 0.0 
0.01 1.0 3323 0.00488579455234 0.275234418092 0.724765581908 
0.01 1.5 3744 0.0029314767314 0.350248207391 0.649751792609 
0.01 2.0 3879 0.000488579455234 0.443463872035 0.556536127965 
0.01 2.5 3898 0.0 0.542195256481 0.457804743519 
0.01 3.0 3962 0.0 0.694429123001 0.305570876999 
0.01 3.5 4034 0.0 0.948152233867 0.0518477661335 
0.01 4.0 4038 0.0 1.0 0.0 
0.01 4.5 4075 0.0 1.0 0.0 
0.01 5.0 4090 0.0 1.0 0.0 
0.01 5.5 4063 0.0 1.0 0.0 
0.01 6.0 4136 0.0 1.0 0.0 
0.0177827941004 1.0 2711 0.00879443019421 0.175951461666 0.824048538334 
0.0177827941004 1.5 3090 0.00745083669232 0.190292333149 0.809707666851 
0.0177827941004 2.0 3475 0.00647367778185 0.212906784335 0.787093215665 
0.0177827941004 2.5 3833 0.00513008427996 0.248207391065 0.751792608935 
0.0177827941004 3.0 4041 0.00378649077806 0.293987865416 0.706012134584 
0.0177827941004 3.5 4120 0.00232075241236 0.34693877551 0.65306122449 
0.0177827941004 4.0 4196 0.00122144863808 0.389961389961 0.610038610039 
0.0177827941004 4.5 4248 0.000488579455234 0.440706012135 0.559293987865 
0.0177827941004 5.0 4273 0.000122144863808 0.513513513514 0.486486486486 
0.0177827941004 5.5 4292 0.000122144863808 0.61610590182 0.38389409818 
0.0177827941004 6.0 4348 0.0 0.804191947049 0.195808052951 
0.0316227766017 1.0 2210 0.0103823134237 0.127413127413 0.872586872587 
0.0316227766017 1.5 2475 0.0101380236961 0.128516271373 0.871483728627 
0.0316227766017 2.0 2775 0.00952729937706 0.135686707115 0.864313292885 
0.0316227766017 2.5 3071 0.0086722853304 0.144511858798 0.855488141202 
0.0316227766017 3.0 3343 0.00818370587517 0.158301158301 0.841698841699 
0.0316227766017 3.5 3632 0.00769512641993 0.173193601765 0.826806398235 
0.0316227766017 4.0 3872 0.00696225723708 0.182570325427 0.817429674573 
0.0316227766017 4.5 4096 0.00635153291804 0.197462768891 0.802537231109 
0.0316227766017 5.0 4332 0.00598509832662 0.220077220077 0.779922779923 
0.0316227766017 5.5 4469 0.00525222914376 0.247104247104 0.752895752896 
0.0316227766017 6.0 4560 0.00439721509711 0.26751241037 0.73248758963 
0.056234132519 1.0 1837 0.012092341517 0.101489244346 0.898510755654 
0.056234132519 1.5 2030 0.010870892879 0.0976282404854 0.902371759515 
0.056234132519 2.0 2293 0.0105044582875 0.100937672366 0.899062327634 
0.056234132519 2.5 2477 0.0105044582875 0.104247104247 0.895752895753 
0.056234132519 3.0 2705 0.0102601685599 0.107556536128 0.892443463872 
0.056234132519 3.5 2928 0.00989373396849 0.112520683949 0.887479316051 
0.056234132519 4.0 3180 0.00964944424087 0.11638168781 0.88361831219 
0.056234132519 4.5 3384 0.00928300964944 0.120242691671 0.879757308329 
0.056234132519 5.0 3601 0.00916086478564 0.125206839493 0.874793160507 
0.056234132519 5.5 3802 0.00903871992183 0.130722559294 0.869277440706 
0.056234132519 6.0 3998 0.00842799560278 0.137892995036 0.862107004964 
0.1 1.0 1560 0.0127030658361 0.0876999448428 0.912300055157 
0.1 1.5 1728 0.0118480517894 0.0854936569222 0.914506343078 
0.1 2.0 1951 0.0116037620618 0.0882515168229 0.911748483177 
0.1 2.5 2161 0.0116037620618 0.0882515168229 0.911748483177 
0.1 3.0 2326 0.0113594723342 0.0865968008825 0.913403199117 
0.1 3.5 2508 0.0112373274704 0.0888030888031 0.911196911197 
0.1 4.0 2683 0.0111151826066 0.0904578047435 0.909542195256 
0.1 4.5 2936 0.010870892879 0.0904578047435 0.909542195256 
0.1 5.0 3089 0.0107487480151 0.0932156646442 0.906784335356 
0.1 5.5 3286 0.0107487480151 0.0937672366244 0.906232763376 
0.1 6.0 3422 0.0102601685599 0.0948703805847 0.905129619415 
0.177827941004 1.0 1369 0.0123366312447 0.0805295091009 0.919470490899 
0.177827941004 1.5 1516 0.0122144863808 0.0783232211804 0.92167677882 
0.177827941004 2.0 1695 0.0119701966532 0.0794263651407 0.920573634859 
0.177827941004 2.5 1890 0.0118480517894 0.0794263651407 0.920573634859 
0.177827941004 3.0 2034 0.0119701966532 0.0772200772201 0.92277992278 
0.177827941004 3.5 2296 0.0119701966532 0.0777716492002 0.9222283508 
0.177827941004 4.0 2419 0.0118480517894 0.0777716492002 0.9222283508 
0.177827941004 4.5 2605 0.012092341517 0.0777716492002 0.9222283508 
0.177827941004 5.0 2831 0.012092341517 0.0766685052399 0.92333149476 
0.177827941004 5.5 2985 0.0119701966532 0.0766685052399 0.92333149476 
0.177827941004 6.0 3073 0.0119701966532 0.0766685052399 0.92333149476 
0.316227766017 1.0 1245 0.0128252106999 0.0711527854385 0.928847214562 
0.316227766017 1.5 1366 0.0125809209723 0.0700496414782 0.929950358522 
0.316227766017 2.0 1531 0.0127030658361 0.0694980694981 0.930501930502 
0.316227766017 2.5 1747 0.0129473555637 0.0694980694981 0.930501930502 
0.316227766017 3.0 1838 0.0129473555637 0.0678433535576 0.932156646442 
0.316227766017 3.5 2087 0.0133137901551 0.0700496414782 0.929950358522 
0.316227766017 4.0 2215 0.0134359350189 0.0694980694981 0.930501930502 
0.316227766017 4.5 2375 0.0133137901551 0.0694980694981 0.930501930502 
0.316227766017 5.0 2569 0.0136802247465 0.0689464975179 0.931053502482 
0.316227766017 5.5 2742 0.0138023696104 0.0689464975179 0.931053502482 
0.316227766017 6.0 2954 0.0138023696104 0.0700496414782 0.929950358522 
0.56234132519 1.0 1117 0.0131916452913 0.0645339216768 0.935466078323 
0.56234132519 1.5 1238 0.0133137901551 0.0656370656371 0.934362934363 
0.56234132519 2.0 1421 0.0134359350189 0.0650854936569 0.934914506343 
0.56234132519 2.5 1554 0.0138023696104 0.0628792057363 0.937120794264 
0.56234132519 3.0 1779 0.0138023696104 0.0623276337562 0.937672366244 
0.56234132519 3.5 1921 0.0141688042018 0.0617760617761 0.938223938224 
0.56234132519 4.0 2104 0.0144130939294 0.0623276337562 0.937672366244 
0.56234132519 4.5 2272 0.0147795285208 0.0628792057363 0.937120794264 
0.56234132519 5.0 2409 0.0151459631123 0.0639823496966 0.936017650303 
0.56234132519 5.5 2610 0.0153902528399 0.0639823496966 0.936017650303 
0.56234132519 6.0 2723 0.0150238182484 0.0645339216768 0.935466078323 
1.0 1.0 1046 0.0134359350189 0.0617760617761 0.938223938224 
1.0 1.5 1175 0.0138023696104 0.0612244897959 0.938775510204 
1.0 2.0 1340 0.0139245144742 0.0634307777165 0.936569222284 
1.0 2.5 1493 0.0142909490656 0.0612244897959 0.938775510204 
1.0 3.0 1639 0.0151459631123 0.0595697738555 0.940430226145 
1.0 3.5 1851 0.0152681079761 0.0584666298952 0.941533370105 
1.0 4.0 1959 0.0153902528399 0.0579150579151 0.942084942085 
1.0 4.5 2164 0.0160009771589 0.0579150579151 0.942084942085 
1.0 5.0 2306 0.0156345425675 0.0579150579151 0.942084942085 
1.0 5.5 2453 0.0153902528399 0.0584666298952 0.941533370105 
1.0 6.0 2585 0.0152681079761 0.0595697738555 0.940430226145 
1.77827941004 1.0 962 0.0145352387932 0.0612244897959 0.938775510204 
1.77827941004 1.5 1099 0.0136802247465 0.0628792057363 0.937120794264 
1.77827941004 2.0 1235 0.0144130939294 0.0595697738555 0.940430226145 
1.77827941004 2.5 1395 0.0142909490656 0.0595697738555 0.940430226145 
1.77827941004 3.0 1563 0.014657383657 0.0584666298952 0.941533370105 
1.77827941004 3.5 1724 0.0153902528399 0.0573634859349 0.942636514065 
1.77827941004 4.0 1878 0.0157566874313 0.0557087699945 0.944291230006 
1.77827941004 4.5 2060 0.0152681079761 0.0568119139548 0.943188086045 
1.77827941004 5.0 2199 0.0151459631123 0.0568119139548 0.943188086045 
1.77827941004 5.5 2339 0.0150238182484 0.0584666298952 0.941533370105 
1.77827941004 6.0 2529 0.0151459631123 0.0568119139548 0.943188086045 
3.16227766017 1.0 911 0.0141688042018 0.0579150579151 0.942084942085 
3.16227766017 1.5 1043 0.014046659338 0.0590182018753 0.940981798125 
3.16227766017 2.0 1186 0.0145352387932 0.0612244897959 0.938775510204 
3.16227766017 2.5 1338 0.0150238182484 0.0568119139548 0.943188086045 
3.16227766017 3.0 1488 0.0162452668865 0.0557087699945 0.944291230006 
3.16227766017 3.5 1669 0.0153902528399 0.0546056260342 0.945394373966 
3.16227766017 4.0 1853 0.0152681079761 0.0557087699945 0.944291230006 
3.16227766017 4.5 1950 0.0152681079761 0.0557087699945 0.944291230006 
3.16227766017 5.0 2122 0.0152681079761 0.0551571980143 0.944842801986 
3.16227766017 5.5 2281 0.0155123977037 0.0546056260342 0.945394373966 
3.16227766017 6.0 2421 0.0156345425675 0.0568119139548 0.943188086045 
5.6234132519 1.0 802 0.0139245144742 0.0573634859349 0.942636514065 
5.6234132519 1.5 981 0.014046659338 0.0568119139548 0.943188086045 
5.6234132519 2.0 1127 0.0149016733846 0.0573634859349 0.942636514065 
5.6234132519 2.5 1320 0.0157566874313 0.0551571980143 0.944842801986 
5.6234132519 3.0 1445 0.0152681079761 0.0557087699945 0.944291230006 
5.6234132519 3.5 1559 0.0153902528399 0.0551571980143 0.944842801986 
5.6234132519 4.0 1778 0.0158788322951 0.0546056260342 0.945394373966 
5.6234132519 4.5 1868 0.0156345425675 0.0551571980143 0.944842801986 
5.6234132519 5.0 2020 0.0153902528399 0.0568119139548 0.943188086045 
5.6234132519 5.5 2156 0.0153902528399 0.0573634859349 0.942636514065 
5.6234132519 6.0 2291 0.0155123977037 0.0568119139548 0.943188086045 
10.0 1.0 782 0.0141688042018 0.0584666298952 0.941533370105 
10.0 1.5 932 0.0142909490656 0.0568119139548 0.943188086045 
10.0 2.0 1077 0.0156345425675 0.0540540540541 0.945945945946 
10.0 2.5 1207 0.0155123977037 0.0562603419746 0.943739658025 
10.0 3.0 1384 0.0156345425675 0.0551571980143 0.944842801986 
10.0 3.5 1481 0.0160009771589 0.0529509100938 0.947049089906 
10.0 4.0 1642 0.0157566874313 0.0540540540541 0.945945945946 
10.0 4.5 1786 0.0156345425675 0.0546056260342 0.945394373966 
10.0 5.0 1964 0.0161231220227 0.0557087699945 0.944291230006 
10.0 5.5 2084 0.0158788322951 0.0557087699945 0.944291230006 
10.0 6.0 2241 0.0158788322951 0.0557087699945 0.944291230006 
17.7827941004 1.0 761 0.0141688042018 0.0573634859349 0.942636514065 
17.7827941004 1.5 896 0.0145352387932 0.0562603419746 0.943739658025 
17.7827941004 2.0 1038 0.0158788322951 0.0540540540541 0.945945945946 
17.7827941004 2.5 1139 0.0163674117503 0.0546056260342 0.945394373966 
17.7827941004 3.0 1311 0.0158788322951 0.0501930501931 0.949806949807 
17.7827941004 3.5 1417 0.0157566874313 0.0512961941533 0.948703805847 
17.7827941004 4.0 1594 0.0156345425675 0.0535024820739 0.946497517926 
17.7827941004 4.5 1727 0.0158788322951 0.0540540540541 0.945945945946 
17.7827941004 5.0 1871 0.0156345425675 0.0540540540541 0.945945945946 
17.7827941004 5.5 2040 0.0158788322951 0.0523993381136 0.947600661886 
17.7827941004 6.0 2158 0.0158788322951 0.0523993381136 0.947600661886 
31.6227766017 1.0 749 0.0142909490656 0.0590182018753 0.940981798125 
31.6227766017 1.5 855 0.0155123977037 0.0557087699945 0.944291230006 
31.6227766017 2.0 969 0.0157566874313 0.0546056260342 0.945394373966 
31.6227766017 2.5 1086 0.0158788322951 0.0523993381136 0.947600661886 
31.6227766017 3.0 1194 0.0152681079761 0.0496414782129 0.950358521787 
31.6227766017 3.5 1332 0.0152681079761 0.0557087699945 0.944291230006 
31.6227766017 4.0 1470 0.0156345425675 0.0540540540541 0.945945945946 
31.6227766017 4.5 1646 0.0156345425675 0.0507446221732 0.949255377827 
31.6227766017 5.0 1804 0.0160009771589 0.0501930501931 0.949806949807 
31.6227766017 5.5 1963 0.0162452668865 0.0501930501931 0.949806949807 
31.6227766017 6.0 2046 0.0167338463418 0.0518477661335 0.948152233867 
56.234132519 1.0 750 0.0144130939294 0.0546056260342 0.945394373966 
56.234132519 1.5 751 0.0153902528399 0.0540540540541 0.945945945946 
56.234132519 2.0 744 0.0156345425675 0.0529509100938 0.947049089906 
56.234132519 2.5 818 0.0152681079761 0.0523993381136 0.947600661886 
56.234132519 3.0 1001 0.0147795285208 0.0535024820739 0.946497517926 
56.234132519 3.5 1209 0.0160009771589 0.0501930501931 0.949806949807 
56.234132519 4.0 1342 0.0161231220227 0.0507446221732 0.949255377827 
56.234132519 4.5 1517 0.0164895566141 0.0507446221732 0.949255377827 
56.234132519 5.0 1690 0.0167338463418 0.0512961941533 0.948703805847 
56.234132519 5.5 1844 0.017222425797 0.0507446221732 0.949255377827 
56.234132519 6.0 2037 0.0175888603884 0.0546056260342 0.945394373966 
100.0 1.0 742 0.0147795285208 0.0540540540541 0.945945945946 
100.0 1.5 731 0.0156345425675 0.0535024820739 0.946497517926 
100.0 2.0 735 0.0158788322951 0.0512961941533 0.948703805847 
100.0 2.5 729 0.0155123977037 0.0490899062328 0.950910093767 
100.0 3.0 732 0.0158788322951 0.0518477661335 0.948152233867 
100.0 3.5 729 0.0158788322951 0.0512961941533 0.948703805847 
100.0 4.0 731 0.0160009771589 0.0507446221732 0.949255377827 
100.0 4.5 1225 0.016611701478 0.0512961941533 0.948703805847 
100.0 5.0 1450 0.0175888603884 0.0518477661335 0.948152233867 
100.0 5.5 1694 0.0180774398437 0.0557087699945 0.944291230006 
100.0 6.0 1866 0.0183217295713 0.0573634859349 0.942636514065 
