0.001 1.0 3635 0.0 1.0 0.0 
0.001 1.5 3644 0.0 1.0 0.0 
0.001 2.0 3643 0.0 1.0 0.0 
0.001 2.5 3642 0.0 1.0 0.0 
0.001 3.0 3637 0.0 1.0 0.0 
0.001 3.5 3651 0.0 1.0 0.0 
0.001 4.0 3647 0.0 1.0 0.0 
0.001 4.5 3651 0.0 1.0 0.0 
0.001 5.0 3649 0.0 1.0 0.0 
0.001 5.5 3654 0.0 1.0 0.0 
0.001 6.0 3658 0.0 1.0 0.0 
0.00177827941004 1.0 3652 0.0 1.0 0.0 
0.00177827941004 1.5 3670 0.0 1.0 0.0 
0.00177827941004 2.0 3687 0.0 1.0 0.0 
0.00177827941004 2.5 3696 0.0 1.0 0.0 
0.00177827941004 3.0 3699 0.0 1.0 0.0 
0.00177827941004 3.5 3695 0.0 1.0 0.0 
0.00177827941004 4.0 3699 0.0 1.0 0.0 
0.00177827941004 4.5 3715 0.0 1.0 0.0 
0.00177827941004 5.0 3708 0.0 1.0 0.0 
0.00177827941004 5.5 3717 0.0 1.0 0.0 
0.00177827941004 6.0 3712 0.0 1.0 0.0 
0.00316227766017 1.0 3680 0.0 0.990526315789 0.00947368421053 
0.00316227766017 1.5 3710 0.0 1.0 0.0 
0.00316227766017 2.0 3756 0.0 1.0 0.0 
0.00316227766017 2.5 3750 0.0 1.0 0.0 
0.00316227766017 3.0 3783 0.0 1.0 0.0 
0.00316227766017 3.5 3777 0.0 1.0 0.0 
0.00316227766017 4.0 3777 0.0 1.0 0.0 
0.00316227766017 4.5 3801 0.0 1.0 0.0 
0.00316227766017 5.0 3799 0.0 1.0 0.0 
0.00316227766017 5.5 3806 0.0 1.0 0.0 
0.00316227766017 6.0 3819 0.0 1.0 0.0 
0.0056234132519 1.0 3698 0.0 0.475789473684 0.524210526316 
0.0056234132519 1.5 3740 0.0 0.660526315789 0.339473684211 
0.0056234132519 2.0 3824 0.0 0.987894736842 0.0121052631579 
0.0056234132519 2.5 3855 0.0 1.0 0.0 
0.0056234132519 3.0 3881 0.0 1.0 0.0 
0.0056234132519 3.5 3883 0.0 1.0 0.0 
0.0056234132519 4.0 3904 0.0 1.0 0.0 
0.0056234132519 4.5 3929 0.0 1.0 0.0 
0.0056234132519 5.0 3908 0.0 1.0 0.0 
0.0056234132519 5.5 3930 0.0 1.0 0.0 
0.0056234132519 6.0 3969 0.0 1.0 0.0 
0.01 1.0 3226 0.00111111111111 0.206842105263 0.793157894737 
0.01 1.5 3678 0.0 0.276315789474 0.723684210526 
0.01 2.0 3867 0.0 0.359473684211 0.640526315789 
0.01 2.5 3913 0.0 0.459473684211 0.540526315789 
0.01 3.0 3966 0.0 0.568421052632 0.431578947368 
0.01 3.5 4019 0.0 0.857894736842 0.142105263158 
0.01 4.0 4048 0.0 0.993157894737 0.00684210526316 
0.01 4.5 4103 0.0 1.0 0.0 
0.01 5.0 4089 0.0 1.0 0.0 
0.01 5.5 4090 0.0 1.0 0.0 
0.01 6.0 4137 0.0 1.0 0.0 
0.0177827941004 1.0 2551 0.0037037037037 0.120526315789 0.879473684211 
0.0177827941004 1.5 2913 0.00271604938272 0.124736842105 0.875263157895 
0.0177827941004 2.0 3309 0.00111111111111 0.142105263158 0.857894736842 
0.0177827941004 2.5 3716 0.000123456790123 0.161052631579 0.838947368421 
0.0177827941004 3.0 4009 0.0 0.199473684211 0.800526315789 
0.0177827941004 3.5 4149 0.0 0.248421052632 0.751578947368 
0.0177827941004 4.0 4214 0.0 0.294736842105 0.705263157895 
0.0177827941004 4.5 4260 0.0 0.336315789474 0.663684210526 
0.0177827941004 5.0 4262 0.0 0.39 0.61 
0.0177827941004 5.5 4257 0.0 0.494736842105 0.505263157895 
0.0177827941004 6.0 4303 0.0 0.677894736842 0.322105263158 
0.0316227766017 1.0 2009 0.0041975308642 0.0773684210526 0.922631578947 
0.0316227766017 1.5 2255 0.0037037037037 0.0752631578947 0.924736842105 
0.0316227766017 2.0 2532 0.00345679012346 0.0831578947368 0.916842105263 
0.0316227766017 2.5 2867 0.00296296296296 0.0857894736842 0.914210526316 
0.0316227766017 3.0 3162 0.00234567901235 0.0889473684211 0.911052631579 
0.0316227766017 3.5 3504 0.00135802469136 0.0942105263158 0.905789473684 
0.0316227766017 4.0 3718 0.000864197530864 0.100526315789 0.899473684211 
0.0316227766017 4.5 3978 0.000246913580247 0.109473684211 0.890526315789 
0.0316227766017 5.0 4162 0.0 0.122105263158 0.877894736842 
0.0316227766017 5.5 4367 0.0 0.14 0.86 
0.0316227766017 6.0 4515 0.0 0.16 0.84 
0.056234132519 1.0 1602 0.00432098765432 0.0452631578947 0.954736842105 
0.056234132519 1.5 1782 0.00407407407407 0.0431578947368 0.956842105263 
0.056234132519 2.0 1978 0.00382716049383 0.0410526315789 0.958947368421 
0.056234132519 2.5 2208 0.00382716049383 0.0389473684211 0.961052631579 
0.056234132519 3.0 2442 0.0037037037037 0.0410526315789 0.958947368421 
0.056234132519 3.5 2708 0.00333333333333 0.0436842105263 0.956315789474 
0.056234132519 4.0 2917 0.00296296296296 0.0468421052632 0.953157894737 
0.056234132519 4.5 3174 0.00271604938272 0.0478947368421 0.952105263158 
0.056234132519 5.0 3344 0.00259259259259 0.05 0.95 
0.056234132519 5.5 3569 0.00222222222222 0.0557894736842 0.944210526316 
0.056234132519 6.0 3732 0.00148148148148 0.0594736842105 0.940526315789 
0.1 1.0 1309 0.00456790123457 0.0263157894737 0.973684210526 
0.1 1.5 1422 0.00456790123457 0.0242105263158 0.975789473684 
0.1 2.0 1627 0.00456790123457 0.0236842105263 0.976315789474 
0.1 2.5 1797 0.00432098765432 0.0236842105263 0.976315789474 
0.1 3.0 2000 0.0041975308642 0.0257894736842 0.974210526316 
0.1 3.5 2157 0.00432098765432 0.0263157894737 0.973684210526 
0.1 4.0 2364 0.00432098765432 0.0263157894737 0.973684210526 
0.1 4.5 2600 0.00407407407407 0.0263157894737 0.973684210526 
0.1 5.0 2775 0.00382716049383 0.0278947368421 0.972105263158 
0.1 5.5 2922 0.0037037037037 0.0278947368421 0.972105263158 
0.1 6.0 3134 0.00320987654321 0.0284210526316 0.971578947368 
0.177827941004 1.0 1075 0.00481481481481 0.0168421052632 0.983157894737 
0.177827941004 1.5 1194 0.00456790123457 0.0157894736842 0.984210526316 
0.177827941004 2.0 1388 0.00469135802469 0.0194736842105 0.980526315789 
0.177827941004 2.5 1473 0.00469135802469 0.0194736842105 0.980526315789 
0.177827941004 3.0 1711 0.00469135802469 0.0194736842105 0.980526315789 
0.177827941004 3.5 1904 0.00444444444444 0.02 0.98 
0.177827941004 4.0 2115 0.00444444444444 0.0194736842105 0.980526315789 
0.177827941004 4.5 2248 0.00444444444444 0.02 0.98 
0.177827941004 5.0 2458 0.00432098765432 0.02 0.98 
0.177827941004 5.5 2629 0.00432098765432 0.02 0.98 
0.177827941004 6.0 2807 0.00432098765432 0.0205263157895 0.979473684211 
0.316227766017 1.0 903 0.00493827160494 0.0173684210526 0.982631578947 
0.316227766017 1.5 1017 0.00481481481481 0.0136842105263 0.986315789474 
0.316227766017 2.0 1189 0.00518518518519 0.0147368421053 0.985263157895 
0.316227766017 2.5 1310 0.00481481481481 0.0147368421053 0.985263157895 
0.316227766017 3.0 1483 0.00506172839506 0.0147368421053 0.985263157895 
0.316227766017 3.5 1696 0.00481481481481 0.0147368421053 0.985263157895 
0.316227766017 4.0 1825 0.00469135802469 0.0147368421053 0.985263157895 
0.316227766017 4.5 2005 0.00469135802469 0.0152631578947 0.984736842105 
0.316227766017 5.0 2198 0.00469135802469 0.0152631578947 0.984736842105 
0.316227766017 5.5 2344 0.00456790123457 0.0142105263158 0.985789473684 
0.316227766017 6.0 2557 0.00444444444444 0.0136842105263 0.986315789474 
0.56234132519 1.0 751 0.00456790123457 0.0115789473684 0.988421052632 
0.56234132519 1.5 850 0.00506172839506 0.0121052631579 0.987894736842 
0.56234132519 2.0 1031 0.00493827160494 0.0115789473684 0.988421052632 
0.56234132519 2.5 1148 0.00493827160494 0.0110526315789 0.988947368421 
0.56234132519 3.0 1347 0.00506172839506 0.00842105263158 0.991578947368 
0.56234132519 3.5 1483 0.00555555555556 0.00842105263158 0.991578947368 
0.56234132519 4.0 1725 0.00518518518519 0.00894736842105 0.991052631579 
0.56234132519 4.5 1830 0.00506172839506 0.00842105263158 0.991578947368 
0.56234132519 5.0 1971 0.00506172839506 0.00947368421053 0.990526315789 
0.56234132519 5.5 2169 0.00493827160494 0.01 0.99 
0.56234132519 6.0 2360 0.00493827160494 0.01 0.99 
1.0 1.0 621 0.00444444444444 0.00789473684211 0.992105263158 
1.0 1.5 740 0.00481481481481 0.01 0.99 
1.0 2.0 890 0.00530864197531 0.01 0.99 
1.0 2.5 1021 0.00456790123457 0.00947368421053 0.990526315789 
1.0 3.0 1195 0.00407407407407 0.00947368421053 0.990526315789 
1.0 3.5 1358 0.00395061728395 0.00947368421053 0.990526315789 
1.0 4.0 1484 0.00407407407407 0.00894736842105 0.991052631579 
1.0 4.5 1682 0.00444444444444 0.00894736842105 0.991052631579 
1.0 5.0 1907 0.00456790123457 0.01 0.99 
1.0 5.5 2049 0.00444444444444 0.0105263157895 0.989473684211 
1.0 6.0 2151 0.0041975308642 0.00894736842105 0.991052631579 
1.77827941004 1.0 453 0.00469135802469 0.01 0.99 
1.77827941004 1.5 641 0.00358024691358 0.00789473684211 0.992105263158 
1.77827941004 2.0 763 0.00345679012346 0.00631578947368 0.993684210526 
1.77827941004 2.5 902 0.00382716049383 0.00684210526316 0.993157894737 
1.77827941004 3.0 1063 0.00395061728395 0.00578947368421 0.994210526316 
1.77827941004 3.5 1264 0.0041975308642 0.00578947368421 0.994210526316 
1.77827941004 4.0 1385 0.0041975308642 0.00421052631579 0.995789473684 
1.77827941004 4.5 1579 0.00456790123457 0.00421052631579 0.995789473684 
1.77827941004 5.0 1758 0.00432098765432 0.00578947368421 0.994210526316 
1.77827941004 5.5 1915 0.00407407407407 0.00631578947368 0.993684210526 
1.77827941004 6.0 2077 0.00407407407407 0.00578947368421 0.994210526316 
3.16227766017 1.0 378 0.00358024691358 0.00631578947368 0.993684210526 
3.16227766017 1.5 525 0.00469135802469 0.00473684210526 0.995263157895 
3.16227766017 2.0 686 0.00358024691358 0.00473684210526 0.995263157895 
3.16227766017 2.5 836 0.00395061728395 0.00368421052632 0.996315789474 
3.16227766017 3.0 989 0.00382716049383 0.00315789473684 0.996842105263 
3.16227766017 3.5 1136 0.00382716049383 0.00473684210526 0.995263157895 
3.16227766017 4.0 1265 0.0037037037037 0.00631578947368 0.993684210526 
3.16227766017 4.5 1456 0.00358024691358 0.00631578947368 0.993684210526 
3.16227766017 5.0 1600 0.00395061728395 0.00684210526316 0.993157894737 
3.16227766017 5.5 1800 0.00382716049383 0.00631578947368 0.993684210526 
3.16227766017 6.0 2022 0.00407407407407 0.00631578947368 0.993684210526 
5.6234132519 1.0 310 0.0037037037037 0.00421052631579 0.995789473684 
5.6234132519 1.5 294 0.00320987654321 0.00473684210526 0.995263157895 
5.6234132519 2.0 555 0.00345679012346 0.00631578947368 0.993684210526 
5.6234132519 2.5 733 0.00333333333333 0.00789473684211 0.992105263158 
5.6234132519 3.0 903 0.0037037037037 0.00789473684211 0.992105263158 
5.6234132519 3.5 1050 0.0037037037037 0.00894736842105 0.991052631579 
5.6234132519 4.0 1217 0.0037037037037 0.00842105263158 0.991578947368 
5.6234132519 4.5 1375 0.00358024691358 0.00684210526316 0.993157894737 
5.6234132519 5.0 1523 0.0041975308642 0.00684210526316 0.993157894737 
5.6234132519 5.5 1698 0.00432098765432 0.00789473684211 0.992105263158 
5.6234132519 6.0 1886 0.00382716049383 0.00894736842105 0.991052631579 
10.0 1.0 256 0.00296296296296 0.00631578947368 0.993684210526 
10.0 1.5 250 0.00333333333333 0.00789473684211 0.992105263158 
10.0 2.0 329 0.00308641975309 0.00842105263158 0.991578947368 
10.0 2.5 611 0.00308641975309 0.01 0.99 
10.0 3.0 773 0.00308641975309 0.00842105263158 0.991578947368 
10.0 3.5 959 0.00320987654321 0.00894736842105 0.991052631579 
10.0 4.0 1135 0.00308641975309 0.00789473684211 0.992105263158 
10.0 4.5 1266 0.00296296296296 0.00842105263158 0.991578947368 
10.0 5.0 1460 0.00271604938272 0.00789473684211 0.992105263158 
10.0 5.5 1600 0.00296296296296 0.00789473684211 0.992105263158 
10.0 6.0 1824 0.00283950617284 0.00842105263158 0.991578947368 
17.7827941004 1.0 207 0.00259259259259 0.00578947368421 0.994210526316 
17.7827941004 1.5 205 0.00271604938272 0.00631578947368 0.993684210526 
17.7827941004 2.0 198 0.00271604938272 0.00842105263158 0.991578947368 
17.7827941004 2.5 457 0.00259259259259 0.00842105263158 0.991578947368 
17.7827941004 3.0 677 0.00234567901235 0.00789473684211 0.992105263158 
17.7827941004 3.5 853 0.00234567901235 0.00894736842105 0.991052631579 
17.7827941004 4.0 1015 0.00271604938272 0.00789473684211 0.992105263158 
17.7827941004 4.5 1214 0.00271604938272 0.00842105263158 0.991578947368 
17.7827941004 5.0 1376 0.00271604938272 0.00842105263158 0.991578947368 
17.7827941004 5.5 1497 0.00271604938272 0.00947368421053 0.990526315789 
17.7827941004 6.0 1779 0.00271604938272 0.01 0.99 
31.6227766017 1.0 171 0.0020987654321 0.00315789473684 0.996842105263 
31.6227766017 1.5 171 0.00197530864198 0.00631578947368 0.993684210526 
31.6227766017 2.0 172 0.00185185185185 0.00789473684211 0.992105263158 
31.6227766017 2.5 167 0.00185185185185 0.00736842105263 0.992631578947 
31.6227766017 3.0 548 0.00197530864198 0.00736842105263 0.992631578947 
31.6227766017 3.5 767 0.00222222222222 0.00894736842105 0.991052631579 
31.6227766017 4.0 973 0.00246913580247 0.00894736842105 0.991052631579 
31.6227766017 4.5 1122 0.00271604938272 0.00947368421053 0.990526315789 
31.6227766017 5.0 1324 0.00271604938272 0.00789473684211 0.992105263158 
31.6227766017 5.5 1455 0.00283950617284 0.00894736842105 0.991052631579 
31.6227766017 6.0 1653 0.00271604938272 0.00894736842105 0.991052631579 
56.234132519 1.0 144 0.0016049382716 0.00526315789474 0.994736842105 
56.234132519 1.5 145 0.00111111111111 0.00789473684211 0.992105263158 
56.234132519 2.0 142 0.00135802469136 0.00842105263158 0.991578947368 
56.234132519 2.5 140 0.00185185185185 0.00842105263158 0.991578947368 
56.234132519 3.0 146 0.0020987654321 0.00842105263158 0.991578947368 
56.234132519 3.5 653 0.00234567901235 0.00789473684211 0.992105263158 
56.234132519 4.0 904 0.00234567901235 0.00736842105263 0.992631578947 
56.234132519 4.5 1042 0.00259259259259 0.00894736842105 0.991052631579 
56.234132519 5.0 1255 0.00259259259259 0.00842105263158 0.991578947368 
56.234132519 5.5 1347 0.00259259259259 0.00894736842105 0.991052631579 
56.234132519 6.0 1536 0.00271604938272 0.00947368421053 0.990526315789 
100.0 1.0 122 0.00148148148148 0.00368421052632 0.996315789474 
100.0 1.5 119 0.00123456790123 0.00894736842105 0.991052631579 
100.0 2.0 121 0.00148148148148 0.00736842105263 0.992631578947 
100.0 2.5 122 0.00185185185185 0.00894736842105 0.991052631579 
100.0 3.0 132 0.00197530864198 0.00789473684211 0.992105263158 
100.0 3.5 430 0.00271604938272 0.00947368421053 0.990526315789 
100.0 4.0 712 0.00259259259259 0.00947368421053 0.990526315789 
100.0 4.5 991 0.00308641975309 0.00789473684211 0.992105263158 
100.0 5.0 1133 0.00296296296296 0.00631578947368 0.993684210526 
100.0 5.5 1324 0.00296296296296 0.00842105263158 0.991578947368 
100.0 6.0 1492 0.00283950617284 0.00842105263158 0.991578947368 
