0.001 1.0 0 0 0.0 1.0 
0.001 1.5 0 0 0.0 1.0 
0.001 2.0 0 0 0.0 1.0 
0.001 2.5 0 0 0.0 1.0 
0.001 3.0 0 0 0.0 1.0 
0.001 3.5 0 0 0.0 1.0 
0.001 4.0 0 0 0.0 1.0 
0.001 4.5 0 0 0.0 1.0 
0.001 5.0 0 0 0.0 1.0 
0.001 5.5 0 0 0.0 1.0 
0.001 6.0 0 0 0.0 1.0 
0.00177827941004 1.0 0 0 0.0 1.0 
0.00177827941004 1.5 0 0 0.0 1.0 
0.00177827941004 2.0 0 0 0.0 1.0 
0.00177827941004 2.5 0 0 0.0 1.0 
0.00177827941004 3.0 0 0 0.0 1.0 
0.00177827941004 3.5 0 0 0.0 1.0 
0.00177827941004 4.0 0 0 0.0 1.0 
0.00177827941004 4.5 0 0 0.0 1.0 
0.00177827941004 5.0 0 0 0.0 1.0 
0.00177827941004 5.5 0 0 0.0 1.0 
0.00177827941004 6.0 0 0 0.0 1.0 
0.00316227766017 1.0 0 0 0.0 1.0 
0.00316227766017 1.5 0 0 0.0 1.0 
0.00316227766017 2.0 0 0 0.0 1.0 
0.00316227766017 2.5 0 0 0.0 1.0 
0.00316227766017 3.0 0 0 0.0 1.0 
0.00316227766017 3.5 0 0 0.0 1.0 
0.00316227766017 4.0 0 0 0.0 1.0 
0.00316227766017 4.5 0 0 0.0 1.0 
0.00316227766017 5.0 0 0 0.0 1.0 
0.00316227766017 5.5 0 0 0.0 1.0 
0.00316227766017 6.0 0 0 0.0 1.0 
0.0056234132519 1.0 0 0 0.0 1.0 
0.0056234132519 1.5 0 0 0.0 1.0 
0.0056234132519 2.0 0 0 0.0 1.0 
0.0056234132519 2.5 0 0 0.0 1.0 
0.0056234132519 3.0 0 0 0.0 1.0 
0.0056234132519 3.5 0 0 0.0 1.0 
0.0056234132519 4.0 0 0 0.0 1.0 
0.0056234132519 4.5 0 0 0.0 1.0 
0.0056234132519 5.0 0 0 0.0 1.0 
0.0056234132519 5.5 0 0 0.0 1.0 
0.0056234132519 6.0 0 0 0.0 1.0 
0.01 1.0 0 0 0.0 1.0 
0.01 1.5 0 0 0.0 1.0 
0.01 2.0 0 0 0.0 1.0 
0.01 2.5 0 0 0.0 1.0 
0.01 3.0 0 0 0.0 1.0 
0.01 3.5 0 0 0.0 1.0 
0.01 4.0 0 0 0.0 1.0 
0.01 4.5 0 0 0.0 1.0 
0.01 5.0 0 0 0.0 1.0 
0.01 5.5 0 0 0.0 1.0 
0.01 6.0 0 0 0.0 1.0 
0.0177827941004 1.0 0 0 0.0 1.0 
0.0177827941004 1.5 0 0 0.0 1.0 
0.0177827941004 2.0 0 0 0.0 1.0 
0.0177827941004 2.5 0 0 0.0 1.0 
0.0177827941004 3.0 0 0 0.0 1.0 
0.0177827941004 3.5 0 0 0.0 1.0 
0.0177827941004 4.0 0 0 0.0 1.0 
0.0177827941004 4.5 0 0 0.0 1.0 
0.0177827941004 5.0 0 0 0.0 1.0 
0.0177827941004 5.5 0 0 0.0 1.0 
0.0177827941004 6.0 0 0 0.0 1.0 
0.0316227766017 1.0 0 0 0.0 1.0 
0.0316227766017 1.5 0 0 0.0 1.0 
0.0316227766017 2.0 0 0 0.0 1.0 
0.0316227766017 2.5 0 0 0.0 1.0 
0.0316227766017 3.0 0 0 0.0 1.0 
0.0316227766017 3.5 0 0 0.0 1.0 
0.0316227766017 4.0 0 0 0.0 1.0 
0.0316227766017 4.5 0 0 0.0 1.0 
0.0316227766017 5.0 0 0 0.0 1.0 
0.0316227766017 5.5 0 0 0.0 1.0 
0.0316227766017 6.0 0 0 0.0 1.0 
0.056234132519 1.0 0 0 0.0 1.0 
0.056234132519 1.5 0 0 0.0 1.0 
0.056234132519 2.0 0 0 0.0 1.0 
0.056234132519 2.5 0 0 0.0 1.0 
0.056234132519 3.0 0 0 0.0 1.0 
0.056234132519 3.5 0 0 0.0 1.0 
0.056234132519 4.0 0 0 0.0 1.0 
0.056234132519 4.5 0 0 0.0 1.0 
0.056234132519 5.0 0 0 0.0 1.0 
0.056234132519 5.5 0 0 0.0 1.0 
0.056234132519 6.0 0 0 0.0 1.0 
0.1 1.0 0 0 0.0 1.0 
0.1 1.5 0 0 0.0 1.0 
0.1 2.0 0 0 0.0 1.0 
0.1 2.5 0 0 0.0 1.0 
0.1 3.0 0 0 0.0 1.0 
0.1 3.5 0 0 0.0 1.0 
0.1 4.0 0 0 0.0 1.0 
0.1 4.5 0 0 0.0 1.0 
0.1 5.0 0 0 0.0 1.0 
0.1 5.5 0 0 0.0 1.0 
0.1 6.0 0 0 0.0 1.0 
0.177827941004 1.0 0 0 0.0 1.0 
0.177827941004 1.5 0 0 0.0 1.0 
0.177827941004 2.0 0 0 0.0 1.0 
0.177827941004 2.5 0 0 0.0 1.0 
0.177827941004 3.0 0 0 0.0 1.0 
0.177827941004 3.5 0 0 0.0 1.0 
0.177827941004 4.0 0 0 0.0 1.0 
0.177827941004 4.5 0 0 0.0 1.0 
0.177827941004 5.0 0 0 0.0 1.0 
0.177827941004 5.5 0 0 0.0 1.0 
0.177827941004 6.0 0 0 0.0 1.0 
0.316227766017 1.0 0 0 0.0 1.0 
0.316227766017 1.5 0 0 0.0 1.0 
0.316227766017 2.0 0 0 0.0 1.0 
0.316227766017 2.5 0 0 0.0 1.0 
0.316227766017 3.0 0 0 0.0 1.0 
0.316227766017 3.5 0 0 0.0 1.0 
0.316227766017 4.0 0 0 0.0 1.0 
0.316227766017 4.5 0 0 0.0 1.0 
0.316227766017 5.0 0 0 0.0 1.0 
0.316227766017 5.5 0 0 0.0 1.0 
0.316227766017 6.0 0 0 0.0 1.0 
0.56234132519 1.0 0 0 0.0 1.0 
0.56234132519 1.5 0 0 0.0 1.0 
0.56234132519 2.0 0 0 0.0 1.0 
0.56234132519 2.5 0 0 0.0 1.0 
0.56234132519 3.0 0 0 0.0 1.0 
0.56234132519 3.5 0 0 0.0 1.0 
0.56234132519 4.0 0 0 0.0 1.0 
0.56234132519 4.5 0 0 0.0 1.0 
0.56234132519 5.0 0 0 0.0 1.0 
0.56234132519 5.5 0 0 0.0 1.0 
0.56234132519 6.0 0 0 0.0 1.0 
1.0 1.0 0 0 0.0 1.0 
1.0 1.5 0 0 0.0 1.0 
1.0 2.0 0 0 0.0 1.0 
1.0 2.5 0 0 0.0 1.0 
1.0 3.0 0 0 0.0 1.0 
1.0 3.5 0 0 0.0 1.0 
1.0 4.0 0 0 0.0 1.0 
1.0 4.5 0 0 0.0 1.0 
1.0 5.0 0 0 0.0 1.0 
1.0 5.5 0 0 0.0 1.0 
1.0 6.0 0 0 0.0 1.0 
1.77827941004 1.0 0 0 0.0 1.0 
1.77827941004 1.5 0 0 0.0 1.0 
1.77827941004 2.0 0 0 0.0 1.0 
1.77827941004 2.5 0 0 0.0 1.0 
1.77827941004 3.0 0 0 0.0 1.0 
1.77827941004 3.5 0 0 0.0 1.0 
1.77827941004 4.0 0 0 0.0 1.0 
1.77827941004 4.5 0 0 0.0 1.0 
1.77827941004 5.0 0 0 0.0 1.0 
1.77827941004 5.5 0 0 0.0 1.0 
1.77827941004 6.0 0 0 0.0 1.0 
3.16227766017 1.0 0 0 0.0 1.0 
3.16227766017 1.5 0 0 0.0 1.0 
3.16227766017 2.0 0 0 0.0 1.0 
3.16227766017 2.5 0 0 0.0 1.0 
3.16227766017 3.0 0 0 0.0 1.0 
3.16227766017 3.5 0 0 0.0 1.0 
3.16227766017 4.0 0 0 0.0 1.0 
3.16227766017 4.5 0 0 0.0 1.0 
3.16227766017 5.0 0 0 0.0 1.0 
3.16227766017 5.5 0 0 0.0 1.0 
3.16227766017 6.0 0 0 0.0 1.0 
5.6234132519 1.0 0 0 0.0 1.0 
5.6234132519 1.5 0 0 0.0 1.0 
5.6234132519 2.0 0 0 0.0 1.0 
5.6234132519 2.5 0 0 0.0 1.0 
5.6234132519 3.0 0 0 0.0 1.0 
5.6234132519 3.5 0 0 0.0 1.0 
5.6234132519 4.0 0 0 0.0 1.0 
5.6234132519 4.5 0 0 0.0 1.0 
5.6234132519 5.0 0 0 0.0 1.0 
5.6234132519 5.5 0 0 0.0 1.0 
5.6234132519 6.0 0 0 0.0 1.0 
10.0 1.0 0 0 0.0 1.0 
10.0 1.5 0 0 0.0 1.0 
10.0 2.0 0 0 0.0 1.0 
10.0 2.5 0 0 0.0 1.0 
10.0 3.0 0 0 0.0 1.0 
10.0 3.5 0 0 0.0 1.0 
10.0 4.0 0 0 0.0 1.0 
10.0 4.5 0 0 0.0 1.0 
10.0 5.0 0 0 0.0 1.0 
10.0 5.5 0 0 0.0 1.0 
10.0 6.0 0 0 0.0 1.0 
17.7827941004 1.0 0 0 0.0 1.0 
17.7827941004 1.5 0 0 0.0 1.0 
17.7827941004 2.0 0 0 0.0 1.0 
17.7827941004 2.5 0 0 0.0 1.0 
17.7827941004 3.0 0 0 0.0 1.0 
17.7827941004 3.5 0 0 0.0 1.0 
17.7827941004 4.0 0 0 0.0 1.0 
17.7827941004 4.5 0 0 0.0 1.0 
17.7827941004 5.0 0 0 0.0 1.0 
17.7827941004 5.5 0 0 0.0 1.0 
17.7827941004 6.0 0 0 0.0 1.0 
31.6227766017 1.0 0 0 0.0 1.0 
31.6227766017 1.5 0 0 0.0 1.0 
31.6227766017 2.0 0 0 0.0 1.0 
31.6227766017 2.5 0 0 0.0 1.0 
31.6227766017 3.0 0 0 0.0 1.0 
31.6227766017 3.5 0 0 0.0 1.0 
31.6227766017 4.0 0 0 0.0 1.0 
31.6227766017 4.5 0 0 0.0 1.0 
31.6227766017 5.0 0 0 0.0 1.0 
31.6227766017 5.5 0 0 0.0 1.0 
31.6227766017 6.0 0 0 0.0 1.0 
56.234132519 1.0 0 0 0.0 1.0 
56.234132519 1.5 0 0 0.0 1.0 
56.234132519 2.0 0 0 0.0 1.0 
56.234132519 2.5 0 0 0.0 1.0 
56.234132519 3.0 0 0 0.0 1.0 
56.234132519 3.5 0 0 0.0 1.0 
56.234132519 4.0 0 0 0.0 1.0 
56.234132519 4.5 0 0 0.0 1.0 
56.234132519 5.0 0 0 0.0 1.0 
56.234132519 5.5 0 0 0.0 1.0 
56.234132519 6.0 0 0 0.0 1.0 
100.0 1.0 0 0 0.0 1.0 
100.0 1.5 0 0 0.0 1.0 
100.0 2.0 0 0 0.0 1.0 
100.0 2.5 0 0 0.0 1.0 
100.0 3.0 0 0 0.0 1.0 
100.0 3.5 0 0 0.0 1.0 
100.0 4.0 0 0 0.0 1.0 
100.0 4.5 0 0 0.0 1.0 
100.0 5.0 0 0 0.0 1.0 
100.0 5.5 0 0 0.0 1.0 
100.0 6.0 0 0 0.0 1.0 
