0.001 1.0 399 0.0 0.173 0.827 
0.001 1.5 401 0.0 0.173 0.827 
0.001 2.0 405 0.0 0.173 0.827 
0.001 2.5 405 0.0 0.173 0.827 
0.001 3.0 402 0.0 0.173 0.827 
0.001 3.5 405 0.0 0.173 0.827 
0.001 4.0 410 0.0 0.173 0.827 
0.001 4.5 411 0.0 0.173 0.827 
0.001 5.0 409 0.0 0.173 0.827 
0.001 5.5 408 0.0 0.173 0.827 
0.001 6.0 412 0.0 0.173 0.827 
0.00177827941004 1.0 405 0.0 0.173 0.827 
0.00177827941004 1.5 411 0.0 0.173 0.827 
0.00177827941004 2.0 421 0.0 0.173 0.827 
0.00177827941004 2.5 425 0.0 0.173 0.827 
0.00177827941004 3.0 427 0.0 0.173 0.827 
0.00177827941004 3.5 432 0.0 0.173 0.827 
0.00177827941004 4.0 437 0.0 0.173 0.827 
0.00177827941004 4.5 443 0.0 0.173 0.827 
0.00177827941004 5.0 443 0.0 0.173 0.827 
0.00177827941004 5.5 454 0.0 0.173 0.827 
0.00177827941004 6.0 473 0.0 0.173 0.827 
0.00316227766017 1.0 419 0.0 0.173 0.827 
0.00316227766017 1.5 424 0.0 0.173 0.827 
0.00316227766017 2.0 435 0.0 0.173 0.827 
0.00316227766017 2.5 444 0.0 0.173 0.827 
0.00316227766017 3.0 456 0.0 0.173 0.827 
0.00316227766017 3.5 469 0.0 0.173 0.827 
0.00316227766017 4.0 484 0.0 0.173 0.827 
0.00316227766017 4.5 493 0.0 0.173 0.827 
0.00316227766017 5.0 513 0.0 0.173 0.827 
0.00316227766017 5.5 524 0.0 0.173 0.827 
0.00316227766017 6.0 536 0.0 0.173 0.827 
0.0056234132519 1.0 425 0.0 0.173 0.827 
0.0056234132519 1.5 447 0.0 0.173 0.827 
0.0056234132519 2.0 464 0.0 0.173 0.827 
0.0056234132519 2.5 478 0.0 0.173 0.827 
0.0056234132519 3.0 477 0.0 0.173 0.827 
0.0056234132519 3.5 501 0.0 0.173 0.827 
0.0056234132519 4.0 517 0.0 0.173 0.827 
0.0056234132519 4.5 531 0.0 0.173 0.827 
0.0056234132519 5.0 546 0.0 0.173 0.827 
0.0056234132519 5.5 572 0.0 0.173 0.827 
0.0056234132519 6.0 584 0.0 0.173 0.827 
0.01 1.0 442 0.0 0.173 0.827 
0.01 1.5 471 0.0 0.173 0.827 
0.01 2.0 493 0.0 0.173 0.827 
0.01 2.5 504 0.0 0.173 0.827 
0.01 3.0 524 0.0 0.173 0.827 
0.01 3.5 555 0.0 0.173 0.827 
0.01 4.0 563 0.0 0.173 0.827 
0.01 4.5 597 0.0 0.173 0.827 
0.01 5.0 604 0.0 0.173 0.827 
0.01 5.5 621 0.0 0.173 0.827 
0.01 6.0 646 0.0 0.173 0.827 
0.0177827941004 1.0 465 0.0 0.173 0.827 
0.0177827941004 1.5 482 0.0 0.173 0.827 
0.0177827941004 2.0 512 0.0 0.173 0.827 
0.0177827941004 2.5 534 0.0 0.173 0.827 
0.0177827941004 3.0 563 0.0 0.173 0.827 
0.0177827941004 3.5 591 0.0 0.173 0.827 
0.0177827941004 4.0 599 0.0 0.173 0.827 
0.0177827941004 4.5 621 0.0 0.173 0.827 
0.0177827941004 5.0 640 0.0 0.173 0.827 
0.0177827941004 5.5 662 0.0 0.173 0.827 
0.0177827941004 6.0 674 0.0 0.173 0.827 
0.0316227766017 1.0 457 0.0 0.162 0.838 
0.0316227766017 1.5 501 0.0 0.173 0.827 
0.0316227766017 2.0 530 0.0 0.173 0.827 
0.0316227766017 2.5 562 0.0 0.173 0.827 
0.0316227766017 3.0 595 0.0 0.173 0.827 
0.0316227766017 3.5 607 0.0 0.173 0.827 
0.0316227766017 4.0 632 0.0 0.173 0.827 
0.0316227766017 4.5 651 0.0 0.173 0.827 
0.0316227766017 5.0 674 0.0 0.173 0.827 
0.0316227766017 5.5 693 0.0 0.173 0.827 
0.0316227766017 6.0 696 0.0 0.173 0.827 
0.056234132519 1.0 464 0.005 0.072 0.923 
0.056234132519 1.5 495 0.003 0.113 0.884 
0.056234132519 2.0 539 0.0 0.157 0.843 
0.056234132519 2.5 578 0.0 0.17 0.83 
0.056234132519 3.0 598 0.0 0.173 0.827 
0.056234132519 3.5 619 0.0 0.173 0.827 
0.056234132519 4.0 649 0.0 0.173 0.827 
0.056234132519 4.5 664 0.0 0.173 0.827 
0.056234132519 5.0 675 0.0 0.173 0.827 
0.056234132519 5.5 692 0.0 0.173 0.827 
0.056234132519 6.0 709 0.0 0.173 0.827 
0.1 1.0 405 0.008 0.037 0.955 
0.1 1.5 474 0.007 0.048 0.945 
0.1 2.0 541 0.005 0.064 0.931 
0.1 2.5 583 0.004 0.082 0.914 
0.1 3.0 605 0.003 0.107 0.89 
0.1 3.5 631 0.003 0.137 0.86 
0.1 4.0 655 0.003 0.149 0.848 
0.1 4.5 669 0.003 0.155 0.842 
0.1 5.0 687 0.001 0.162 0.837 
0.1 5.5 693 0.0 0.166 0.834 
0.1 6.0 704 0.0 0.17 0.83 
0.177827941004 1.0 332 0.014 0.024 0.962 
0.177827941004 1.5 414 0.012 0.028 0.96 
0.177827941004 2.0 483 0.011 0.032 0.957 
0.177827941004 2.5 534 0.008 0.04 0.952 
0.177827941004 3.0 583 0.008 0.046 0.946 
0.177827941004 3.5 630 0.007 0.055 0.938 
0.177827941004 4.0 641 0.007 0.065 0.928 
0.177827941004 4.5 665 0.006 0.075 0.919 
0.177827941004 5.0 679 0.004 0.085 0.911 
0.177827941004 5.5 690 0.003 0.105 0.892 
0.177827941004 6.0 706 0.003 0.117 0.88 
0.316227766017 1.0 281 0.016 0.019 0.965 
0.316227766017 1.5 354 0.016 0.021 0.963 
0.316227766017 2.0 431 0.016 0.023 0.961 
0.316227766017 2.5 483 0.016 0.023 0.961 
0.316227766017 3.0 533 0.016 0.024 0.96 
0.316227766017 3.5 577 0.016 0.026 0.958 
0.316227766017 4.0 601 0.015 0.029 0.956 
0.316227766017 4.5 638 0.015 0.03 0.955 
0.316227766017 5.0 656 0.012 0.033 0.955 
0.316227766017 5.5 666 0.011 0.041 0.948 
0.316227766017 6.0 695 0.011 0.048 0.941 
0.56234132519 1.0 248 0.018 0.02 0.962 
0.56234132519 1.5 316 0.018 0.018 0.964 
0.56234132519 2.0 388 0.018 0.02 0.962 
0.56234132519 2.5 444 0.018 0.021 0.961 
0.56234132519 3.0 496 0.018 0.021 0.961 
0.56234132519 3.5 514 0.019 0.022 0.959 
0.56234132519 4.0 569 0.018 0.022 0.96 
0.56234132519 4.5 602 0.018 0.024 0.958 
0.56234132519 5.0 617 0.018 0.025 0.957 
0.56234132519 5.5 638 0.019 0.026 0.955 
0.56234132519 6.0 654 0.019 0.028 0.953 
1.0 1.0 224 0.018 0.019 0.963 
1.0 1.5 284 0.018 0.019 0.963 
1.0 2.0 339 0.018 0.02 0.962 
1.0 2.5 405 0.018 0.02 0.962 
1.0 3.0 459 0.019 0.021 0.96 
1.0 3.5 485 0.022 0.021 0.957 
1.0 4.0 524 0.022 0.021 0.957 
1.0 4.5 557 0.022 0.02 0.958 
1.0 5.0 573 0.023 0.021 0.956 
1.0 5.5 596 0.024 0.021 0.955 
1.0 6.0 624 0.024 0.021 0.955 
1.77827941004 1.0 196 0.017 0.019 0.964 
1.77827941004 1.5 260 0.017 0.019 0.964 
1.77827941004 2.0 319 0.021 0.02 0.959 
1.77827941004 2.5 380 0.024 0.021 0.955 
1.77827941004 3.0 423 0.024 0.02 0.956 
1.77827941004 3.5 461 0.024 0.02 0.956 
1.77827941004 4.0 492 0.024 0.02 0.956 
1.77827941004 4.5 534 0.024 0.02 0.956 
1.77827941004 5.0 559 0.024 0.021 0.955 
1.77827941004 5.5 584 0.025 0.02 0.955 
1.77827941004 6.0 597 0.025 0.02 0.955 
3.16227766017 1.0 190 0.023 0.014 0.963 
3.16227766017 1.5 234 0.023 0.016 0.961 
3.16227766017 2.0 297 0.024 0.018 0.958 
3.16227766017 2.5 342 0.026 0.018 0.956 
3.16227766017 3.0 399 0.026 0.02 0.954 
3.16227766017 3.5 431 0.026 0.019 0.955 
3.16227766017 4.0 462 0.026 0.02 0.954 
3.16227766017 4.5 506 0.026 0.02 0.954 
3.16227766017 5.0 538 0.026 0.021 0.953 
3.16227766017 5.5 557 0.026 0.021 0.953 
3.16227766017 6.0 583 0.026 0.022 0.952 
5.6234132519 1.0 174 0.02 0.017 0.963 
5.6234132519 1.5 222 0.022 0.017 0.961 
5.6234132519 2.0 280 0.026 0.019 0.955 
5.6234132519 2.5 326 0.027 0.019 0.954 
5.6234132519 3.0 376 0.029 0.021 0.95 
5.6234132519 3.5 406 0.029 0.021 0.95 
5.6234132519 4.0 452 0.031 0.021 0.948 
5.6234132519 4.5 470 0.031 0.022 0.947 
5.6234132519 5.0 503 0.031 0.023 0.946 
5.6234132519 5.5 537 0.032 0.023 0.945 
5.6234132519 6.0 566 0.032 0.023 0.945 
10.0 1.0 162 0.024 0.018 0.958 
10.0 1.5 218 0.027 0.019 0.954 
10.0 2.0 265 0.029 0.019 0.952 
10.0 2.5 292 0.031 0.021 0.948 
10.0 3.0 345 0.032 0.022 0.946 
10.0 3.5 385 0.03 0.022 0.948 
10.0 4.0 430 0.031 0.023 0.946 
10.0 4.5 462 0.032 0.023 0.945 
10.0 5.0 481 0.032 0.024 0.944 
10.0 5.5 521 0.034 0.024 0.942 
10.0 6.0 553 0.034 0.024 0.942 
17.7827941004 1.0 145 0.027 0.018 0.955 
17.7827941004 1.5 196 0.029 0.02 0.951 
17.7827941004 2.0 236 0.032 0.021 0.947 
17.7827941004 2.5 275 0.033 0.022 0.945 
17.7827941004 3.0 324 0.037 0.024 0.939 
17.7827941004 3.5 373 0.038 0.023 0.939 
17.7827941004 4.0 409 0.037 0.023 0.94 
17.7827941004 4.5 451 0.036 0.024 0.94 
17.7827941004 5.0 482 0.036 0.023 0.941 
17.7827941004 5.5 504 0.035 0.023 0.942 
17.7827941004 6.0 537 0.035 0.024 0.941 
31.6227766017 1.0 115 0.029 0.018 0.953 
31.6227766017 1.5 164 0.031 0.021 0.948 
31.6227766017 2.0 215 0.037 0.023 0.94 
31.6227766017 2.5 262 0.038 0.024 0.938 
31.6227766017 3.0 313 0.04 0.027 0.933 
31.6227766017 3.5 369 0.038 0.025 0.937 
31.6227766017 4.0 400 0.04 0.024 0.936 
31.6227766017 4.5 445 0.039 0.025 0.936 
31.6227766017 5.0 475 0.036 0.026 0.938 
31.6227766017 5.5 489 0.036 0.026 0.938 
31.6227766017 6.0 528 0.035 0.025 0.94 
56.234132519 1.0 98 0.03 0.018 0.952 
56.234132519 1.5 99 0.035 0.023 0.942 
56.234132519 2.0 105 0.039 0.025 0.936 
56.234132519 2.5 250 0.04 0.026 0.934 
56.234132519 3.0 298 0.039 0.027 0.934 
56.234132519 3.5 349 0.039 0.027 0.934 
56.234132519 4.0 398 0.037 0.026 0.937 
56.234132519 4.5 432 0.037 0.026 0.937 
56.234132519 5.0 468 0.036 0.026 0.938 
56.234132519 5.5 483 0.038 0.026 0.936 
56.234132519 6.0 517 0.037 0.025 0.938 
100.0 1.0 94 0.035 0.021 0.944 
100.0 1.5 93 0.036 0.024 0.94 
100.0 2.0 102 0.039 0.027 0.934 
100.0 2.5 226 0.039 0.027 0.934 
100.0 3.0 292 0.037 0.027 0.936 
100.0 3.5 347 0.038 0.027 0.935 
100.0 4.0 377 0.035 0.026 0.939 
100.0 4.5 417 0.037 0.027 0.936 
100.0 5.0 455 0.037 0.027 0.936 
100.0 5.5 477 0.037 0.027 0.936 
100.0 6.0 501 0.037 0.026 0.937 
