10 0.957 0.033 0.01 
20 0.957 0.04 0.003 
30 0.966 0.031 0.003 
40 0.97 0.025 0.005 
50 0.972 0.023 0.005 
60 0.976 0.019 0.005 
70 0.972 0.023 0.005 
80 0.979 0.016 0.005 
90 0.975 0.014 0.011 
100 0.979 0.015 0.006 
110 0.975 0.013 0.012 
120 0.975 0.013 0.012 
130 0.975 0.013 0.012 
140 0.975 0.014 0.011 
150 0.975 0.013 0.012 
160 0.975 0.013 0.012 
170 0.975 0.013 0.012 
180 0.975 0.013 0.012 
190 0.975 0.013 0.012 
200 0.975 0.013 0.012 
210 0.975 0.013 0.012 
220 0.975 0.013 0.012 
230 0.975 0.013 0.012 
240 0.975 0.013 0.012 
250 0.975 0.013 0.012 
260 0.975 0.013 0.012 
270 0.975 0.013 0.012 
280 0.975 0.013 0.012 
290 0.975 0.013 0.012 
300 0.975 0.013 0.012 
310 0.975 0.013 0.012 
320 0.975 0.013 0.012 
330 0.975 0.013 0.012 
340 0.975 0.013 0.012 
350 0.975 0.013 0.012 
360 0.974 0.014 0.012 
370 0.974 0.014 0.012 
380 0.974 0.014 0.012 
390 0.974 0.014 0.012 
400 0.974 0.014 0.012 
410 0.974 0.014 0.012 
420 0.974 0.014 0.012 
430 0.974 0.014 0.012 
440 0.974 0.014 0.012 
450 0.974 0.014 0.012 
460 0.974 0.014 0.012 
470 0.974 0.014 0.012 
480 0.974 0.014 0.012 
490 0.974 0.014 0.012 
500 0.974 0.014 0.012 
510 0.974 0.014 0.012 
520 0.974 0.014 0.012 
530 0.974 0.014 0.012 
540 0.974 0.014 0.012 
550 0.974 0.014 0.012 
560 0.974 0.014 0.012 
570 0.974 0.014 0.012 
580 0.974 0.014 0.012 
590 0.974 0.014 0.012 
600 0.974 0.014 0.012 
610 0.974 0.014 0.012 
620 0.973 0.014 0.013 
630 0.973 0.014 0.013 
640 0.973 0.014 0.013 
650 0.973 0.014 0.013 
660 0.973 0.014 0.013 
670 0.973 0.014 0.013 
680 0.973 0.014 0.013 
690 0.973 0.014 0.013 
700 0.973 0.014 0.013 
710 0.973 0.014 0.013 
720 0.973 0.014 0.013 
730 0.973 0.014 0.013 
740 0.973 0.014 0.013 
750 0.973 0.014 0.013 
760 0.973 0.014 0.013 
770 0.973 0.014 0.013 
780 0.973 0.014 0.013 
790 0.973 0.013 0.014 
800 0.973 0.014 0.013 
810 0.973 0.014 0.013 
820 0.973 0.014 0.013 
830 0.973 0.014 0.013 
840 0.971 0.014 0.015 
850 0.971 0.014 0.015 
860 0.971 0.014 0.015 
870 0.971 0.014 0.015 
880 0.971 0.014 0.015 
890 0.971 0.014 0.015 
900 0.971 0.014 0.015 
910 0.971 0.014 0.015 
920 0.971 0.014 0.015 
930 0.971 0.014 0.015 
940 0.971 0.014 0.015 
950 0.971 0.014 0.015 
960 0.971 0.014 0.015 
970 0.971 0.014 0.015 
980 0.971 0.014 0.015 
990 0.971 0.014 0.015 
1000 0.971 0.014 0.015 
