10 0.973 0.027 0.0 
20 0.983 0.016 0.001 
30 0.981 0.019 0.0 
40 0.984 0.016 0.0 
50 0.982 0.014 0.004 
60 0.985 0.015 0.0 
70 0.985 0.015 0.0 
80 0.985 0.008 0.007 
90 0.984 0.013 0.003 
100 0.984 0.013 0.003 
110 0.986 0.01 0.004 
120 0.988 0.008 0.004 
130 0.988 0.008 0.004 
140 0.986 0.011 0.003 
150 0.989 0.007 0.004 
160 0.989 0.007 0.004 
170 0.987 0.01 0.003 
180 0.989 0.007 0.004 
190 0.988 0.008 0.004 
200 0.989 0.007 0.004 
210 0.99 0.006 0.004 
220 0.989 0.007 0.004 
230 0.989 0.007 0.004 
240 0.989 0.007 0.004 
250 0.989 0.007 0.004 
260 0.99 0.006 0.004 
270 0.989 0.007 0.004 
280 0.989 0.007 0.004 
290 0.989 0.007 0.004 
300 0.989 0.007 0.004 
310 0.989 0.007 0.004 
320 0.99 0.006 0.004 
330 0.99 0.006 0.004 
340 0.99 0.006 0.004 
350 0.99 0.006 0.004 
360 0.99 0.006 0.004 
370 0.99 0.006 0.004 
380 0.99 0.006 0.004 
390 0.99 0.006 0.004 
400 0.99 0.006 0.004 
410 0.99 0.006 0.004 
420 0.99 0.006 0.004 
430 0.99 0.006 0.004 
440 0.99 0.006 0.004 
450 0.99 0.006 0.004 
460 0.99 0.006 0.004 
470 0.99 0.006 0.004 
480 0.99 0.006 0.004 
490 0.99 0.006 0.004 
500 0.99 0.006 0.004 
510 0.99 0.006 0.004 
520 0.99 0.006 0.004 
530 0.99 0.006 0.004 
540 0.99 0.006 0.004 
550 0.99 0.006 0.004 
560 0.99 0.006 0.004 
570 0.99 0.006 0.004 
580 0.99 0.006 0.004 
590 0.99 0.006 0.004 
600 0.99 0.006 0.004 
610 0.99 0.006 0.004 
620 0.99 0.006 0.004 
630 0.99 0.006 0.004 
640 0.99 0.006 0.004 
650 0.99 0.006 0.004 
660 0.99 0.006 0.004 
670 0.99 0.006 0.004 
680 0.99 0.006 0.004 
690 0.99 0.006 0.004 
700 0.99 0.006 0.004 
710 0.99 0.006 0.004 
720 0.99 0.006 0.004 
730 0.99 0.006 0.004 
740 0.99 0.006 0.004 
750 0.99 0.006 0.004 
760 0.99 0.006 0.004 
770 0.99 0.006 0.004 
780 0.99 0.006 0.004 
790 0.99 0.006 0.004 
800 0.99 0.006 0.004 
810 0.99 0.006 0.004 
820 0.99 0.006 0.004 
830 0.99 0.006 0.004 
840 0.99 0.006 0.004 
850 0.99 0.006 0.004 
860 0.99 0.006 0.004 
870 0.99 0.006 0.004 
880 0.99 0.006 0.004 
890 0.99 0.006 0.004 
900 0.99 0.006 0.004 
910 0.99 0.006 0.004 
920 0.99 0.006 0.004 
930 0.99 0.006 0.004 
940 0.99 0.006 0.004 
950 0.99 0.006 0.004 
960 0.992 0.004 0.004 
970 0.987 0.006 0.007 
980 0.992 0.004 0.004 
990 0.992 0.004 0.004 
1000 0.992 0.004 0.004 
