10 0.898 0.051 0.051 
20 0.943 0.009 0.048 
30 0.952 0.011 0.037 
40 0.952 0.009 0.039 
50 0.953 0.008 0.039 
60 0.955 0.005 0.04 
70 0.949 0.005 0.046 
80 0.949 0.005 0.046 
90 0.946 0.017 0.037 
100 0.946 0.01 0.044 
110 0.946 0.01 0.044 
120 0.946 0.01 0.044 
130 0.941 0.017 0.042 
140 0.946 0.01 0.044 
150 0.941 0.017 0.042 
160 0.941 0.017 0.042 
170 0.941 0.017 0.042 
180 0.951 0.017 0.032 
190 0.951 0.017 0.032 
200 0.947 0.009 0.044 
210 0.941 0.017 0.042 
220 0.941 0.017 0.042 
230 0.941 0.017 0.042 
240 0.941 0.017 0.042 
250 0.94 0.017 0.043 
260 0.94 0.017 0.043 
270 0.94 0.017 0.043 
280 0.944 0.017 0.039 
290 0.941 0.017 0.042 
300 0.941 0.017 0.042 
310 0.941 0.017 0.042 
320 0.941 0.017 0.042 
330 0.941 0.017 0.042 
340 0.941 0.017 0.042 
350 0.941 0.017 0.042 
360 0.941 0.017 0.042 
370 0.941 0.017 0.042 
380 0.941 0.017 0.042 
390 0.944 0.012 0.044 
400 0.944 0.012 0.044 
410 0.944 0.012 0.044 
420 0.941 0.017 0.042 
430 0.943 0.012 0.045 
440 0.94 0.017 0.043 
450 0.94 0.017 0.043 
460 0.943 0.012 0.045 
470 0.943 0.012 0.045 
480 0.943 0.012 0.045 
490 0.942 0.012 0.046 
500 0.945 0.011 0.044 
510 0.944 0.012 0.044 
520 0.947 0.012 0.041 
530 0.947 0.012 0.041 
540 0.947 0.012 0.041 
550 0.947 0.012 0.041 
560 0.947 0.012 0.041 
570 0.947 0.012 0.041 
580 0.947 0.012 0.041 
590 0.943 0.012 0.045 
600 0.947 0.012 0.041 
610 0.952 0.012 0.036 
620 0.947 0.012 0.041 
630 0.947 0.012 0.041 
640 0.942 0.015 0.043 
650 0.942 0.015 0.043 
660 0.942 0.015 0.043 
670 0.942 0.015 0.043 
680 0.942 0.015 0.043 
690 0.943 0.014 0.043 
700 0.942 0.015 0.043 
710 0.942 0.015 0.043 
720 0.942 0.015 0.043 
730 0.942 0.015 0.043 
740 0.942 0.015 0.043 
750 0.943 0.014 0.043 
760 0.945 0.014 0.041 
770 0.949 0.015 0.036 
780 0.949 0.015 0.036 
790 0.944 0.015 0.041 
800 0.949 0.015 0.036 
810 0.949 0.015 0.036 
820 0.949 0.015 0.036 
830 0.949 0.015 0.036 
840 0.949 0.015 0.036 
850 0.949 0.015 0.036 
860 0.949 0.015 0.036 
870 0.949 0.015 0.036 
880 0.949 0.015 0.036 
890 0.949 0.015 0.036 
900 0.949 0.015 0.036 
910 0.949 0.015 0.036 
920 0.942 0.015 0.043 
930 0.949 0.015 0.036 
940 0.949 0.015 0.036 
950 0.948 0.015 0.037 
960 0.953 0.015 0.032 
970 0.953 0.015 0.032 
980 0.953 0.015 0.032 
990 0.953 0.015 0.032 
1000 0.953 0.015 0.032 
