10 0.903 0.01 0.087 
20 0.949 0.021 0.03 
30 0.951 0.007 0.042 
40 0.959 0.009 0.032 
50 0.959 0.003 0.038 
60 0.973 0.008 0.019 
70 0.966 0.006 0.028 
80 0.957 0.007 0.036 
90 0.959 0.007 0.034 
100 0.963 0.006 0.031 
110 0.968 0.007 0.025 
120 0.969 0.008 0.023 
130 0.97 0.007 0.023 
140 0.97 0.007 0.023 
150 0.97 0.006 0.024 
160 0.97 0.007 0.023 
170 0.969 0.006 0.025 
180 0.969 0.006 0.025 
190 0.968 0.007 0.025 
200 0.968 0.007 0.025 
210 0.969 0.007 0.024 
220 0.969 0.007 0.024 
230 0.969 0.008 0.023 
240 0.969 0.008 0.023 
250 0.969 0.008 0.023 
260 0.969 0.008 0.023 
270 0.969 0.008 0.023 
280 0.969 0.008 0.023 
290 0.969 0.008 0.023 
300 0.968 0.008 0.024 
310 0.969 0.008 0.023 
320 0.969 0.008 0.023 
330 0.969 0.008 0.023 
340 0.97 0.008 0.022 
350 0.97 0.008 0.022 
360 0.97 0.008 0.022 
370 0.969 0.008 0.023 
380 0.97 0.008 0.022 
390 0.969 0.008 0.023 
400 0.969 0.008 0.023 
410 0.968 0.008 0.024 
420 0.97 0.008 0.022 
430 0.969 0.008 0.023 
440 0.97 0.008 0.022 
450 0.97 0.008 0.022 
460 0.97 0.008 0.022 
470 0.97 0.008 0.022 
480 0.97 0.008 0.022 
490 0.969 0.008 0.023 
500 0.968 0.008 0.024 
510 0.967 0.008 0.025 
520 0.967 0.008 0.025 
530 0.973 0.009 0.018 
540 0.968 0.008 0.024 
550 0.97 0.008 0.022 
560 0.968 0.008 0.024 
570 0.967 0.009 0.024 
580 0.968 0.008 0.024 
590 0.968 0.008 0.024 
600 0.968 0.008 0.024 
610 0.967 0.008 0.025 
620 0.968 0.008 0.024 
630 0.968 0.008 0.024 
640 0.969 0.008 0.023 
650 0.967 0.008 0.025 
660 0.968 0.008 0.024 
670 0.967 0.009 0.024 
680 0.966 0.009 0.025 
690 0.967 0.009 0.024 
700 0.967 0.009 0.024 
710 0.966 0.009 0.025 
720 0.968 0.009 0.023 
730 0.967 0.009 0.024 
740 0.968 0.009 0.023 
750 0.968 0.009 0.023 
760 0.967 0.009 0.024 
770 0.967 0.009 0.024 
780 0.967 0.009 0.024 
790 0.967 0.009 0.024 
800 0.967 0.009 0.024 
810 0.967 0.009 0.024 
820 0.968 0.009 0.023 
830 0.969 0.009 0.022 
840 0.969 0.009 0.022 
850 0.969 0.009 0.022 
860 0.969 0.009 0.022 
870 0.969 0.009 0.022 
880 0.969 0.009 0.022 
890 0.968 0.009 0.023 
900 0.968 0.009 0.023 
910 0.969 0.009 0.022 
920 0.969 0.009 0.022 
930 0.969 0.009 0.022 
940 0.969 0.009 0.022 
950 0.969 0.009 0.022 
960 0.969 0.009 0.022 
970 0.969 0.009 0.022 
980 0.969 0.009 0.022 
990 0.968 0.01 0.022 
1000 0.968 0.01 0.022 
