10 0.9488 0.0 0.0512 
20 0.9488 0.0 0.0512 
30 0.9488 0.0 0.0512 
40 0.9488 0.0 0.0512 
50 0.9488 0.0 0.0512 
60 0.9488 0.0 0.0512 
70 0.9488 0.0 0.0512 
80 0.9488 0.0 0.0512 
90 0.9488 0.0 0.0512 
100 0.9488 0.0 0.0512 
110 0.9488 0.0 0.0512 
120 0.9488 0.0 0.0512 
130 0.9488 0.0 0.0512 
140 0.9488 0.0 0.0512 
150 0.9488 0.0 0.0512 
160 0.9488 0.0 0.0512 
170 0.9488 0.0 0.0512 
180 0.9488 0.0 0.0512 
190 0.9488 0.0 0.0512 
200 0.9488 0.0 0.0512 
210 0.9488 0.0 0.0512 
220 0.9488 0.0 0.0512 
230 0.9488 0.0 0.0512 
240 0.9488 0.0 0.0512 
250 0.9488 0.0 0.0512 
260 0.9488 0.0 0.0512 
270 0.9488 0.0 0.0512 
280 0.9488 0.0 0.0512 
290 0.9488 0.0 0.0512 
300 0.9488 0.0 0.0512 
310 0.9488 0.0 0.0512 
320 0.9488 0.0 0.0512 
330 0.9488 0.0 0.0512 
340 0.9488 0.0 0.0512 
350 0.9488 0.0 0.0512 
360 0.9488 0.0 0.0512 
370 0.9488 0.0 0.0512 
380 0.9488 0.0 0.0512 
390 0.9488 0.0 0.0512 
400 0.9488 0.0 0.0512 
410 0.9488 0.0 0.0512 
420 0.9488 0.0 0.0512 
430 0.9488 0.0 0.0512 
440 0.9488 0.0 0.0512 
450 0.9488 0.0 0.0512 
460 0.9488 0.0 0.0512 
470 0.9488 0.0 0.0512 
480 0.9488 0.0 0.0512 
490 0.9488 0.0 0.0512 
500 0.9488 0.0 0.0512 
510 0.9488 0.0 0.0512 
520 0.9488 0.0 0.0512 
530 0.9488 0.0 0.0512 
540 0.9488 0.0 0.0512 
550 0.9488 0.0 0.0512 
560 0.9488 0.0 0.0512 
570 0.9488 0.0 0.0512 
580 0.9488 0.0 0.0512 
590 0.9488 0.0 0.0512 
600 0.9488 0.0 0.0512 
610 0.9488 0.0 0.0512 
620 0.9488 0.0 0.0512 
630 0.9488 0.0 0.0512 
640 0.9488 0.0 0.0512 
650 0.9488 0.0 0.0512 
660 0.9488 0.0 0.0512 
670 0.9488 0.0 0.0512 
680 0.9488 0.0 0.0512 
690 0.9488 0.0 0.0512 
700 0.9488 0.0 0.0512 
710 0.9488 0.0 0.0512 
720 0.9488 0.0 0.0512 
730 0.9488 0.0 0.0512 
740 0.9488 0.0 0.0512 
750 0.9488 0.0 0.0512 
760 0.9488 0.0 0.0512 
770 0.9488 0.0 0.0512 
780 0.9488 0.0 0.0512 
790 0.9488 0.0 0.0512 
800 0.9488 0.0 0.0512 
810 0.9488 0.0 0.0512 
820 0.9488 0.0 0.0512 
830 0.9488 0.0 0.0512 
840 0.9488 0.0 0.0512 
850 0.9488 0.0 0.0512 
860 0.9488 0.0 0.0512 
870 0.9488 0.0 0.0512 
880 0.9488 0.0 0.0512 
890 0.9488 0.0 0.0512 
900 0.9488 0.0 0.0512 
910 0.9488 0.0 0.0512 
920 0.9488 0.0 0.0512 
930 0.9488 0.0 0.0512 
940 0.9488 0.0 0.0512 
950 0.9488 0.0 0.0512 
960 0.9488 0.0 0.0512 
970 0.9488 0.0 0.0512 
980 0.9488 0.0 0.0512 
990 0.9488 0.0 0.0512 
1000 0.9488 0.0 0.0512 
