10 0.867 0.082 0.051 
20 0.933 0.011 0.056 
30 0.933 0.011 0.056 
40 0.934 0.006 0.06 
50 0.934 0.006 0.06 
60 0.934 0.006 0.06 
70 0.934 0.006 0.06 
80 0.934 0.006 0.06 
90 0.934 0.006 0.06 
100 0.934 0.006 0.06 
110 0.934 0.006 0.06 
120 0.934 0.006 0.06 
130 0.934 0.006 0.06 
140 0.934 0.006 0.06 
150 0.934 0.006 0.06 
160 0.934 0.006 0.06 
170 0.934 0.006 0.06 
180 0.934 0.006 0.06 
190 0.934 0.006 0.06 
200 0.934 0.006 0.06 
210 0.934 0.006 0.06 
220 0.934 0.006 0.06 
230 0.934 0.006 0.06 
240 0.934 0.006 0.06 
250 0.934 0.006 0.06 
260 0.934 0.006 0.06 
270 0.934 0.006 0.06 
280 0.934 0.006 0.06 
290 0.934 0.006 0.06 
300 0.934 0.006 0.06 
310 0.934 0.006 0.06 
320 0.889 0.056 0.055 
330 0.934 0.006 0.06 
340 0.934 0.006 0.06 
350 0.934 0.006 0.06 
360 0.934 0.006 0.06 
370 0.934 0.006 0.06 
380 0.934 0.006 0.06 
390 0.934 0.006 0.06 
400 0.928 0.012 0.06 
410 0.912 0.032 0.056 
420 0.912 0.032 0.056 
430 0.912 0.032 0.056 
440 0.912 0.032 0.056 
450 0.912 0.032 0.056 
460 0.912 0.032 0.056 
470 0.912 0.032 0.056 
480 0.928 0.012 0.06 
490 0.912 0.032 0.056 
500 0.912 0.032 0.056 
510 0.912 0.032 0.056 
520 0.928 0.012 0.06 
530 0.912 0.032 0.056 
540 0.912 0.032 0.056 
550 0.928 0.012 0.06 
560 0.912 0.032 0.056 
570 0.912 0.032 0.056 
580 0.912 0.032 0.056 
590 0.912 0.032 0.056 
600 0.912 0.032 0.056 
610 0.912 0.032 0.056 
620 0.912 0.032 0.056 
630 0.912 0.032 0.056 
640 0.912 0.032 0.056 
650 0.912 0.032 0.056 
660 0.912 0.032 0.056 
670 0.912 0.032 0.056 
680 0.912 0.032 0.056 
690 0.912 0.032 0.056 
700 0.912 0.032 0.056 
710 0.901 0.043 0.056 
720 0.908 0.032 0.06 
730 0.908 0.032 0.06 
740 0.908 0.032 0.06 
750 0.908 0.032 0.06 
760 0.908 0.032 0.06 
770 0.908 0.032 0.06 
780 0.888 0.056 0.056 
790 0.899 0.045 0.056 
800 0.887 0.057 0.056 
810 0.899 0.045 0.056 
820 0.899 0.045 0.056 
830 0.899 0.045 0.056 
840 0.899 0.045 0.056 
850 0.899 0.045 0.056 
860 0.903 0.041 0.056 
870 0.903 0.041 0.056 
880 0.903 0.041 0.056 
890 0.903 0.041 0.056 
900 0.903 0.041 0.056 
910 0.903 0.041 0.056 
920 0.903 0.041 0.056 
930 0.903 0.041 0.056 
940 0.903 0.041 0.056 
950 0.903 0.041 0.056 
960 0.903 0.041 0.056 
970 0.903 0.041 0.056 
980 0.903 0.041 0.056 
990 0.903 0.041 0.056 
1000 0.903 0.041 0.056 
