10 0.782 0.0 0.218 
20 0.782 0.0 0.218 
30 0.782 0.0 0.218 
40 0.782 0.0 0.218 
50 0.782 0.0 0.218 
60 0.782 0.0 0.218 
70 0.782 0.0 0.218 
80 0.782 0.0 0.218 
90 0.782 0.0 0.218 
100 0.782 0.0 0.218 
110 0.782 0.0 0.218 
120 0.782 0.0 0.218 
130 0.782 0.0 0.218 
140 0.782 0.0 0.218 
150 0.782 0.0 0.218 
160 0.782 0.0 0.218 
170 0.782 0.0 0.218 
180 0.852 0.001 0.147 
190 0.834 0.0 0.166 
200 0.834 0.0 0.166 
210 0.834 0.0 0.166 
220 0.834 0.0 0.166 
230 0.834 0.0 0.166 
240 0.782 0.0 0.218 
250 0.834 0.0 0.166 
260 0.834 0.0 0.166 
270 0.834 0.0 0.166 
280 0.834 0.0 0.166 
290 0.834 0.0 0.166 
300 0.834 0.0 0.166 
310 0.821 0.0 0.179 
320 0.821 0.0 0.179 
330 0.821 0.0 0.179 
340 0.821 0.0 0.179 
350 0.821 0.0 0.179 
360 0.821 0.0 0.179 
370 0.821 0.0 0.179 
380 0.821 0.0 0.179 
390 0.821 0.0 0.179 
400 0.821 0.0 0.179 
410 0.821 0.0 0.179 
420 0.821 0.0 0.179 
430 0.813 0.0 0.187 
440 0.83 0.03 0.14 
450 0.83 0.03 0.14 
460 0.794 0.029 0.177 
470 0.794 0.029 0.177 
480 0.821 0.03 0.149 
490 0.821 0.03 0.149 
500 0.83 0.03 0.14 
510 0.83 0.03 0.14 
520 0.83 0.03 0.14 
530 0.83 0.03 0.14 
540 0.83 0.03 0.14 
550 0.83 0.03 0.14 
560 0.83 0.03 0.14 
570 0.83 0.03 0.14 
580 0.83 0.03 0.14 
590 0.83 0.03 0.14 
600 0.83 0.03 0.14 
610 0.83 0.03 0.14 
620 0.83 0.03 0.14 
630 0.794 0.029 0.177 
640 0.83 0.03 0.14 
650 0.83 0.03 0.14 
660 0.83 0.03 0.14 
670 0.794 0.029 0.177 
680 0.83 0.03 0.14 
690 0.83 0.03 0.14 
700 0.83 0.03 0.14 
710 0.83 0.03 0.14 
720 0.83 0.03 0.14 
730 0.83 0.03 0.14 
740 0.83 0.03 0.14 
750 0.83 0.03 0.14 
760 0.83 0.03 0.14 
770 0.792 0.043 0.165 
780 0.783 0.043 0.174 
790 0.783 0.043 0.174 
800 0.783 0.043 0.174 
810 0.783 0.043 0.174 
820 0.783 0.043 0.174 
830 0.783 0.043 0.174 
840 0.783 0.043 0.174 
850 0.783 0.043 0.174 
860 0.783 0.043 0.174 
870 0.783 0.043 0.174 
880 0.783 0.043 0.174 
890 0.783 0.043 0.174 
900 0.783 0.043 0.174 
910 0.783 0.043 0.174 
920 0.783 0.043 0.174 
930 0.783 0.043 0.174 
940 0.783 0.043 0.174 
950 0.783 0.043 0.174 
960 0.783 0.043 0.174 
970 0.781 0.043 0.176 
980 0.783 0.043 0.174 
990 0.783 0.043 0.174 
1000 0.783 0.043 0.174 
