@relation linearevens.txt

@attribute f1 numeric
@attribute ' f2' numeric
@attribute ' class' numeric

@data
6.340281,2.208863,-1
0.989225,1.68671,1
8.279624,3.709496,-1
9.082714,3.405636,-1
4.825729,7.826174,1
8.973377,8.053363,-1
8.362953,5.781305,-1
6.183997,9.693335,1
1.845501,8.900008,1
8.846438,2.823499,-1
9.168431,2.350461,-1
8.397053,4.379471,-1
4.719994,4.238746,-1
5.420072,4.728481,-1
4.041215,8.058094,1
4.411588,0.76428,-1
0.851156,8.768506,1
8.046575,4.371231,-1
4.346672,7.666045,1
3.855019,4.590295,1
4.983847,8.230097,1
0.52144,4.54186,1
4.622143,9.889823,1
0.997683,2.445946,1
6.202445,9.524397,1
2.092215,3.44505,1
1.157747,8.882854,1
3.932797,0.226414,-1
8.097361,2.011259,-1
0.985799,3.625962,1
6.494294,7.728967,1
6.91558,9.198608,1
2.492319,3.733092,1
8.330688,7.013003,-1
3.503148,3.686348,1
2.043884,4.831749,1
1.41404,5.343215,1
4.352692,3.918957,-1
8.790023,1.0536,-1
8.125218,5.312868,-1
1.447727,0.911051,-1
3.356232,6.938948,1
2.504193,0.496561,-1
9.681336,7.154686,-1
9.04833,7.534593,-1
6.634727,1.851013,-1
3.027777,5.357303,1
1.717403,4.696733,1
8.53437,4.950905,-1
7.27754,8.725747,1
3.351477,0.046968,-1
9.749279,7.37435,-1
8.769771,4.801551,-1
6.520553,2.764248,-1
3.272157,8.768222,1
0.282711,2.823999,1
8.613965,7.435372,-1
1.56554,9.15598,1
2.518223,4.767028,1
8.412661,7.726858,-1
3.107607,0.285521,-1
8.843673,6.41586,-1
6.57295,8.417713,1
3.736043,5.120852,1
7.659698,5.342116,-1
9.313974,1.610018,-1
1.714729,0.33191,-1
7.588295,0.393442,-1
2.805862,6.201222,1
6.456249,7.148422,1
5.552132,5.128759,-1
5.284334,9.525599,1
0.429098,3.437485,1
3.944272,0.54823,-1
6.26366,9.900061,1
9.01842,2.079087,-1
4.297761,1.277253,-1
6.333117,4.522964,-1
9.337929,8.343101,-1
5.913002,3.368294,-1
9.236801,2.895152,-1
8.262289,9.20941,1
0.294944,4.706034,1
6.944008,6.623719,-1
7.793908,2.421722,-1
1.295368,7.625572,1
7.846307,8.02563,1
1.443348,2.871634,1
7.184655,7.980762,1
4.198799,0.002234,-1
9.045829,4.677947,-1
3.790825,5.551339,1
4.553075,7.884213,1
5.84033,0.63571,-1
1.11073,9.221379,1
4.56758,4.648062,1
7.616571,0.80068,-1
4.972957,7.366208,1
2.050548,0.972985,-1
1.248509,4.481486,1
9.20977,7.112647,-1
2.281642,0.003416,-1
4.872508,1.150574,-1
3.707685,4.422141,1
3.318577,3.158223,-1
4.117712,6.906913,1
4.203933,2.238313,-1
1.249342,4.738346,1
9.08714,1.431789,-1
0.355938,4.121124,1
0.399288,8.252229,1
1.31458,3.469349,1
6.190064,0.407073,-1
0.144474,5.312554,1
5.698964,5.942006,1
9.859366,7.035326,-1
5.768698,0.92623,-1
0.420818,9.085208,1
4.791734,2.073287,-1
0.330013,0.40259,1
3.009213,5.137672,1
9.812496,8.094846,-1
6.653306,4.079794,-1
6.618523,6.909636,1
9.878519,8.587217,-1
0.123729,2.512668,1
4.433317,1.812308,-1
7.852647,0.25881,-1
0.304203,1.52023,1
4.325051,1.140283,-1
2.435138,9.618181,1
8.05329,2.930434,-1
7.174533,3.862242,-1
3.09757,3.958894,1
4.448764,0.427741,-1
6.559244,8.613224,1
2.190519,0.176131,-1
9.757702,7.387141,-1
2.894573,0.071526,-1
7.300364,5.440783,-1
4.417281,1.741121,-1
9.384067,7.566909,-1
6.344757,7.488294,1
1.218065,1.453384,1
7.209391,2.090344,-1
9.272498,8.715899,-1
6.898714,5.414106,-1
8.823622,1.097986,-1
6.19411,1.04367,-1
9.301093,6.153907,-1
5.207374,9.248403,1
5.263645,9.283382,1
7.5864,9.376225,1
8.366221,0.098499,-1
5.168383,0.957083,-1
0.327851,9.054832,1
3.89829,0.105928,-1
8.322588,9.246779,1
7.729028,1.164991,-1
9.915893,8.563269,-1
6.87235,3.155368,-1
1.006781,5.872132,1
7.408886,4.478651,-1
3.592698,4.156798,1
6.590659,2.135667,-1
2.367218,6.868345,1
7.500253,8.122286,1
1.508742,9.518257,1
2.994227,8.125492,1
0.054804,9.538981,1
4.377979,0.715363,-1
9.005191,7.707826,-1
1.076737,2.813877,1
3.89784,2.291059,-1
0.350062,6.634575,1
7.16044,5.260423,-1
3.396692,1.081994,-1
6.779714,5.181178,-1
6.560916,0.427639,-1
7.814765,4.799294,-1
2.048928,0.193391,-1
0.625768,9.301653,1
4.167938,8.900776,1
7.9563,8.941162,1
2.927071,0.23503,-1
9.188849,2.257042,-1
6.84451,4.746858,-1
2.584291,1.358364,-1
4.738344,6.304695,1
0.894792,6.571795,1
9.558653,4.802443,-1
7.27566,9.898343,1
0.33962,1.921937,1
2.694261,9.357214,1
7.351859,6.245901,-1
0.774832,5.699548,1
0.523147,2.218371,1
6.258269,3.676288,-1
2.009586,6.988937,1
3.668489,5.674525,1
2.527713,4.808712,1
6.25874,3.054365,-1
1.583415,5.164451,1
6.415154,3.571708,-1
3.691875,6.194787,1
5.660956,9.03572,1
7.311533,9.219405,1
5.089339,2.941892,-1
6.018805,2.503312,-1
7.875097,2.790621,-1
7.142777,6.178546,-1
9.342992,7.408473,-1
1.277131,5.496904,1
7.435332,4.747684,-1
7.355481,7.437673,1
9.773777,7.914093,-1
6.324711,7.011741,1
4.336242,1.515854,-1
1.410778,2.98654,1
1.363298,4.315828,1
2.466078,6.682069,1
7.364422,1.072508,-1
5.259079,1.628647,-1
1.582492,7.207229,1
7.729694,7.993513,1
8.904957,2.588031,-1
4.79708,9.536816,1
0.801545,8.805747,1
1.059582,8.176994,1
4.118382,9.039908,1
1.72297,8.260413,1
5.742181,1.70724,-1
5.238512,6.403654,1
0.716228,2.138545,1
1.974475,2.903149,1
7.371124,8.516679,1
5.971243,2.924396,-1
5.210187,5.556979,1
1.226037,1.560264,1
3.413173,4.953056,1
2.571922,5.025284,1
7.396859,4.517053,-1
9.666076,2.520713,-1
2.18981,8.768269,1
4.381081,5.815335,1
0.002089,9.670497,1
8.707809,9.454999,1
5.574901,6.373769,1
4.834724,7.026975,1
0.310335,8.86598,1
4.555909,9.574762,1
4.125958,5.067056,1
3.214213,7.425536,1
8.574202,5.308422,-1
4.997983,3.736988,-1
5.081307,8.790667,1
4.6175,9.583899,1
7.909415,5.680956,-1
9.255624,1.27782,-1
0.87061,7.867732,1
4.795098,8.894113,1
6.149086,6.477869,1
6.452359,1.630301,-1
3.001846,3.953922,1
4.101437,4.026189,-1
0.974348,8.028819,1
0.751757,6.142722,1
8.938531,3.424084,-1
4.75138,1.396757,-1
6.209261,7.207455,1
7.606147,3.745021,-1
1.929143,5.805981,1
6.476382,4.477245,-1
4.9192,5.080357,1
2.709933,2.715558,1
0.505992,6.901376,1
6.353151,0.252138,-1
7.707865,3.68137,-1
4.161419,7.345701,1
7.296719,8.337642,1
5.479027,1.607869,-1
3.782723,5.744864,1
1.550707,2.718273,1
3.562253,0.032757,-1
1.638033,8.521694,1
9.549301,2.059336,-1
9.221087,0.018093,-1
2.253145,5.203494,1
0.451578,3.322522,1
3.139076,8.025582,1
6.938406,2.102381,-1
1.39372,4.190708,1
6.30793,8.951437,1
2.999879,6.899186,1
7.359735,4.383134,-1
8.225799,9.385626,1
5.280129,8.717577,1
1.698733,0.514025,-1
6.769761,4.551136,-1
6.613222,9.195068,1
8.655357,0.343153,-1
9.102712,7.666981,-1
9.171369,8.570252,-1
0.762215,7.461431,1
7.028435,4.917402,-1
5.256079,4.012511,-1
3.563909,5.614268,1
9.265912,7.587839,-1
8.679449,2.935159,-1
8.098312,1.476854,-1
4.69096,7.020265,1
6.101645,2.705194,-1
2.850335,3.709362,1
5.260679,1.4361,-1
7.292643,8.103869,1
1.297233,1.528042,1
3.792153,5.999668,1
4.383149,9.39952,1
2.501671,7.729182,1
7.931837,8.896325,1
1.339184,1.200804,-1
4.774454,3.378432,-1
9.397226,4.972253,-1
1.528803,9.419452,1
4.658585,5.925409,1
8.786891,0.637797,-1
2.763017,3.131838,1
1.86001,9.26066,1
0.443374,3.778401,1
9.189383,9.35891,1
5.081518,8.48325,1
0.603422,4.372476,1
2.874643,0.633941,-1
3.87206,3.749111,-1
6.737851,3.094562,-1
8.46537,0.660193,-1
9.467545,6.159954,-1
8.774908,3.019468,-1
1.014051,7.134931,1
7.283356,4.827358,-1
6.361594,4.807595,-1
9.001378,7.994937,-1
6.580451,1.548462,-1
1.554721,9.715527,1
6.330504,4.759048,-1
9.051926,2.77309,-1
6.75327,5.574266,-1
4.621256,6.429903,1
7.613126,7.188725,-1
0.735671,4.799566,1
7.251366,5.36238,-1
3.159054,8.290192,1
7.771564,9.337458,1
8.449541,3.257132,-1
1.875117,3.318116,1
6.746188,2.696292,-1
0.984372,8.977055,1
2.812567,9.18132,1
4.5617,5.435054,1
8.348463,8.708288,1
1.898624,6.69199,1
8.804716,1.633753,-1
7.240729,3.656993,-1
6.785317,6.145224,-1
7.945683,8.464141,1
6.918186,7.263615,1
1.765216,0.381965,-1
1.648131,5.718496,1
9.507496,9.27935,-1
8.304378,1.922535,-1
8.692829,0.609435,-1
4.817778,9.528904,1
2.788763,7.125683,1
9.245168,0.402684,-1
4.955391,3.838376,-1
5.50765,1.238393,-1
0.177991,2.154875,1
4.896118,3.662924,-1
1.771483,8.080012,1
6.679018,2.069521,-1
7.700318,0.842078,-1
8.717297,2.592212,-1
0.959942,0.588392,-1
4.69452,6.457377,1
9.386002,3.750077,-1
9.28176,2.58123,-1
3.96975,2.204796,-1
7.313343,4.121861,-1
2.478727,7.052535,1
4.115426,3.553705,-1
9.78844,3.626104,-1
6.34377,6.175793,-1
6.407944,5.909351,-1
3.626978,6.365354,1
4.799154,4.123938,-1
4.703142,1.191863,-1
4.373085,1.988306,-1
3.071439,9.68458,1
2.482814,8.568717,1
6.63668,7.56839,1
1.684542,9.269135,1
2.60019,8.816172,1
9.807445,9.764822,-1
7.107124,8.006129,1
4.353877,6.362517,1
7.008752,1.087231,-1
4.244565,1.519166,-1
8.236106,7.819019,-1
6.511138,8.646633,1
4.132439,5.154718,1
0.8067,3.602392,1
6.529102,7.023049,1
5.01291,3.3266,-1
5.987699,6.277423,1
0.699059,5.465663,1
5.44034,7.078133,1
9.240859,0.573478,-1
8.88947,2.944535,-1
7.457664,2.226413,-1
1.350209,5.65361,1
2.728488,3.052218,1
8.467017,7.326674,-1
5.739205,0.424949,-1
5.341916,3.33746,-1
9.118007,4.902784,-1
0.39417,3.430015,1
5.939087,9.695988,1
8.543971,2.420268,-1
9.310654,8.737496,-1
6.372723,4.655224,-1
4.39829,2.542407,-1
3.600202,0.225418,-1
7.701355,4.223748,-1
4.057761,0.432524,-1
4.794449,5.034806,1
9.030536,9.961629,1
8.980963,8.714319,-1
0.671021,1.241878,1
5.794792,6.970133,1
6.456422,6.591537,1
1.190048,2.193507,1
6.254459,1.167014,-1
2.523215,2.31627,-1
0.365481,3.084325,1
0.003452,1.551501,1
2.774868,9.484169,1
1.843003,1.026468,-1
2.133028,5.347666,1
2.861645,2.445783,-1
2.252238,2.900545,1
4.527899,5.098731,1
4.362493,8.147316,1
7.418515,9.960151,1
4.349003,5.259339,1
5.214288,1.626233,-1
8.732606,6.65263,-1
7.519548,4.818297,-1
6.627654,7.579236,1
9.845384,8.549174,-1
8.068799,3.058558,-1
9.529732,3.255126,-1
3.156907,6.414822,1
5.334752,6.927261,1
8.989563,0.95124,-1
7.182283,9.258596,1
9.14553,7.196103,-1
8.451296,2.36667,-1
5.234518,7.244384,1
7.169793,2.778793,-1
4.297153,3.636938,-1
0.371589,9.18481,1
3.389581,8.572981,1
5.037249,6.295477,1
5.525259,9.659991,1
1.531478,3.112407,1
2.252651,1.780882,-1
7.314457,9.78822,1
4.65145,0.513791,-1
3.372149,3.734834,1
5.206392,4.495232,-1
9.757765,9.533429,-1
4.515357,3.066131,-1
8.572498,5.754225,-1
1.497076,5.944229,1
0.586492,0.156727,-1
4.610226,4.406295,-1
5.325952,6.440364,1
3.441259,4.951161,1
6.722578,2.227742,-1
8.50176,1.791128,-1
4.277266,9.106382,1
0.738503,6.731681,1
4.426285,4.880995,1
4.114892,4.452002,1
6.71154,7.904958,1
1.0076,7.547537,1
7.801072,6.617949,-1
2.949707,2.632107,-1
3.66017,2.066043,-1
2.138952,0.351258,-1
6.277451,8.934844,1
1.246453,7.476656,1
7.59961,3.70573,-1
3.906636,4.616895,1
7.342097,9.305129,1
7.767646,7.52073,-1
2.896842,6.603973,1
5.418237,4.722953,-1
0.52093,6.123218,1
2.294278,7.873835,1
9.425543,5.702302,-1
6.167238,4.243216,-1
4.542403,1.17209,-1
9.123258,5.134124,-1
9.246644,3.299619,-1
6.525374,7.391571,1
1.654547,1.043439,-1
7.568796,8.711896,1
5.596114,6.007071,1
7.7809,9.722292,1
5.806743,5.002616,-1
6.233682,7.277025,1
8.986646,2.149848,-1
5.501404,6.799439,1
7.014401,6.528204,-1
8.008996,1.23012,-1
0.25111,1.447839,1
3.825662,5.619583,1
0.033027,8.51063,1
8.907865,6.402508,-1
9.431485,1.838534,-1
2.695282,0.905626,-1
9.801407,0.32079,-1
9.640165,7.03597,-1
6.928639,2.644718,-1
0.701367,0.752719,1
6.808574,9.988814,1
8.089615,7.808703,-1
5.526016,1.745461,-1
3.85552,3.266451,-1
7.292592,0.519518,-1
6.989094,0.533916,-1
9.771483,5.39869,-1
6.510246,6.205147,-1
6.326561,6.945917,1
4.550637,0.466286,-1
9.130689,2.877782,-1
9.286946,8.943614,-1
6.550179,3.525111,-1
7.482839,2.958458,-1
9.40452,8.24378,-1
9.010442,4.092081,-1
2.904933,4.165489,1
5.965277,2.80132,-1
1.899589,6.749777,1
8.1855,7.574551,-1
8.085968,1.52713,-1
2.411724,4.195776,1
6.934656,5.60251,-1
4.814339,2.683555,-1
3.016332,6.855261,1
0.486854,4.990527,1
9.456064,9.702883,1
9.98255,1.135581,-1
7.058411,7.288113,1
0.202715,5.073922,1
8.065614,1.400191,-1
6.146142,7.651765,1
6.44954,1.311287,-1
9.586476,0.604006,-1
5.771607,6.799079,1
4.925147,5.713604,1
4.459878,8.665132,1
4.735343,1.873201,-1
3.150277,7.580851,1
3.525666,1.129367,-1
6.53596,6.373595,-1
2.053012,8.305595,1
2.358957,8.562351,1
4.216443,3.581276,-1
6.2987,0.201496,-1
4.03285,7.2953,1
2.153184,4.20665,1
3.01747,8.315826,1
0.181477,1.496295,1
6.931881,8.575607,1
9.059335,3.066045,-1
6.90039,9.547201,1
9.996509,4.131367,-1
5.181968,1.289575,-1
7.780793,8.50115,1
1.203895,9.24766,1
1.008467,9.584178,1
2.65276,7.436144,1
2.43182,4.591305,1
6.777301,1.517213,-1
9.616385,1.241415,-1
4.397462,2.721431,-1
8.82027,6.068523,-1
3.809878,7.015302,1
1.626945,2.087227,1
5.355381,2.419411,-1
4.225787,8.901727,1
8.497949,5.374383,-1
2.28383,4.37455,1
3.980252,2.149953,-1
7.830954,5.502345,-1
7.274776,1.642146,-1
0.340943,3.240428,1
7.208886,1.208323,-1
9.425621,3.629207,-1
7.361245,9.219689,1
1.263617,5.161866,1
5.795033,2.004241,-1
6.444501,5.146763,-1
4.946568,9.089583,1
6.279289,0.358157,-1
3.678671,0.385583,-1
6.727567,1.189089,-1
4.437631,1.095041,-1
9.594015,8.820552,-1
6.288524,0.645631,-1
5.012685,7.975642,1
5.432434,6.225326,1
1.088627,6.900142,1
4.027977,1.149169,-1
0.287789,7.040533,1
4.62348,1.50839,-1
1.217783,2.822998,1
1.100252,9.770394,1
0.6243,6.304829,1
2.638576,7.343282,1
8.660972,7.619969,-1
0.76673,5.351043,1
0.897569,5.638294,1
4.092286,7.401047,1
0.96924,2.935612,1
8.398465,9.684068,1
8.816306,0.874697,-1
7.765618,5.349837,-1
3.447021,6.875078,1
7.23689,6.572445,-1
1.979003,4.835695,1
8.147993,1.083738,-1
6.569428,7.602907,1
5.635664,6.667396,1
3.383506,7.622814,1
9.376076,9.747181,1
4.914517,2.877309,-1
7.86895,3.981083,-1
5.665422,0.481846,-1
3.843213,2.781324,-1
7.337655,5.122642,-1
6.70935,3.444224,-1
9.584469,3.452712,-1
4.492697,3.04737,-1
6.586335,7.394828,1
3.20767,8.258502,1
1.560278,3.361422,1
9.016205,7.249432,-1
3.70239,7.407256,1
7.048159,9.947733,1
9.088345,5.257699,-1
9.893175,3.394414,-1
6.852853,9.24983,1
8.122084,8.8228,1
7.585493,2.584635,-1
8.293286,3.128427,-1
8.910356,7.757965,-1
9.339245,7.652038,-1
3.670919,9.233489,1
3.812929,7.364076,1
1.039065,0.2036,-1
6.211831,6.671143,1
7.855566,5.973178,-1
9.407956,5.685691,-1
3.205641,8.819902,1
5.09052,3.116212,-1
4.71201,7.983256,1
7.20197,8.091631,1
7.321176,8.246763,1
0.274931,8.442677,1
6.195747,6.495665,1
0.938637,2.393104,1
5.852779,4.06112,-1
4.492241,9.183638,1
5.795221,2.149852,-1
2.953778,5.047865,1
2.111246,6.953678,1
0.340915,2.19024,1
2.815889,6.701684,1
1.778022,5.943054,1
8.594495,6.825286,-1
4.766439,3.407877,-1
2.078158,4.336911,1
2.535343,3.594673,1
8.460292,0.948024,-1
3.060147,6.33701,1
1.497329,0.519123,-1
7.921951,6.395692,-1
1.119005,5.64077,1
4.590445,5.871165,1
5.15623,4.642116,-1
6.037024,7.704292,1
1.818378,2.98952,1
1.144835,4.741527,1
9.125725,9.359301,1
4.717476,2.507365,-1
3.576717,7.230918,1
3.760828,7.956768,1
6.461104,7.940644,1
1.99697,9.17135,1
3.050421,2.283314,-1
3.09063,4.986648,1
5.437182,6.638218,1
4.808591,2.610508,-1
5.053644,0.146231,-1
2.628503,7.333732,1
4.77806,0.251389,-1
5.173495,7.817187,1
4.757609,6.082988,1
5.653785,1.565078,-1
0.593744,7.876283,1
2.93428,5.287158,1
3.13008,2.649611,-1
5.292173,6.624358,1
0.794987,5.498002,1
0.814341,3.829178,1
4.533941,2.090485,-1
0.255744,2.762633,1
7.050345,2.317466,-1
7.768062,6.837486,-1
1.197013,4.251848,1
9.094335,3.068217,-1
6.091123,6.265983,1
4.400786,4.119711,-1
4.622971,8.481135,1
2.454203,4.945473,1
4.606465,6.981723,1
3.093294,5.142974,1
2.719829,8.081545,1
2.867921,1.023453,-1
6.308639,3.337477,-1
6.085281,1.67071,-1
8.980898,6.555732,-1
4.82485,5.958707,1
9.241725,3.720353,-1
4.196758,5.723492,1
8.335076,4.573635,-1
7.138523,7.053003,-1
6.914144,8.264001,1
4.375215,6.148836,1
5.966928,6.023027,1
0.242797,9.938311,1
2.84419,7.488048,1
9.798883,7.35684,-1
0.964905,8.303192,1
5.968243,1.898458,-1
5.583155,0.568734,-1
9.333246,3.424891,-1
4.679184,3.754929,-1
3.118884,9.628168,1
2.596557,8.103501,1
2.198725,0.152555,-1
1.052216,8.032285,1
9.290909,1.997276,-1
3.307541,2.954244,-1
8.839925,8.239323,-1
4.85482,2.984438,-1
0.833066,8.853958,1
1.424677,0.110506,-1
7.727687,1.897543,-1
4.816012,9.409423,1
2.329963,2.563556,1
1.008308,6.137055,1
6.650386,8.68983,1
5.972126,5.068427,-1
1.518951,1.469781,-1
1.499974,9.997704,1
3.987145,6.758839,1
1.538997,0.756442,-1
4.747389,7.366887,1
4.836071,7.40547,1
8.768256,5.273845,-1
9.954777,1.160912,-1
2.688586,6.966843,1
3.282241,7.151791,1
9.708619,6.157136,-1
6.037506,6.322192,1
3.622942,6.540749,1
0.562256,5.594661,1
8.324094,0.378352,-1
6.264784,7.237441,1
4.579039,5.081802,1
5.933093,3.452085,-1
9.169998,2.861931,-1
7.306329,4.849119,-1
5.594512,2.328436,-1
4.10698,4.346106,1
4.2203,7.276992,1
7.931039,5.021593,-1
9.887297,7.335174,-1
9.243677,1.870582,-1
6.99204,1.194724,-1
4.323751,7.230668,1
0.24552,3.286737,1
8.544184,5.363891,-1
0.407939,3.162319,1
1.843203,9.692892,1
2.338661,0.357439,-1
4.185479,2.918466,-1
5.889892,0.597599,-1
7.519019,1.648774,-1
5.852037,3.982132,-1
5.673801,0.674892,-1
8.268056,6.87704,-1
8.551438,5.301939,-1
9.258562,2.045069,-1
6.162766,0.637899,-1
7.465201,8.725395,1
8.669106,8.502807,-1
5.831137,8.133115,1
3.775743,9.632614,1
3.133346,9.575091,1
3.849403,1.293426,-1
8.052701,5.50172,-1
0.959334,2.222104,1
8.509831,6.988352,-1
7.587447,2.431738,-1
6.306772,2.092926,-1
4.373199,1.750592,-1
8.020882,8.619509,1
8.188199,3.319877,-1
6.097969,2.660633,-1
1.224109,1.170143,-1
1.201034,6.331033,1
4.089158,2.669272,-1
7.684319,3.267137,-1
2.093004,3.748548,1
8.595341,8.570823,-1
0.973658,7.972641,1
7.596994,9.319003,1
7.022427,5.00245,-1
8.033792,5.436559,-1
8.832367,3.997256,-1
3.316059,8.638753,1
7.372536,6.956361,-1
6.083972,7.649414,1
4.324495,2.514143,-1
8.39842,3.1476,-1
1.664159,8.89568,1
6.401782,3.925244,-1
9.558405,5.617845,-1
0.41308,2.935819,1
9.202081,9.945545,1
4.875544,1.15133,-1
1.744242,2.284686,1
8.896765,6.531168,-1
1.630297,7.093218,1
9.505162,8.971189,-1
3.810216,1.995459,-1
9.781756,7.770584,-1
6.831525,0.646951,-1
1.548684,7.778483,1
0.030398,2.922996,1
0.937035,0.164649,-1
6.76931,4.033322,-1
3.4074,0.871187,-1
4.024019,6.898083,1
3.082838,2.028085,-1
1.462226,7.491755,1
9.213074,4.052296,-1
5.255566,1.630285,-1
5.704815,9.15617,1
9.538591,5.367564,-1
4.5457,8.758393,1
8.335968,3.871773,-1
5.893936,5.726581,-1
1.637699,8.288313,1
7.752074,3.06469,-1
0.023075,1.715441,1
0.825518,6.720304,1
3.475533,1.747968,-1
3.586955,0.36132,-1
7.763188,4.896025,-1
3.541091,5.068494,1
8.801033,5.364234,-1
3.476777,7.673748,1
3.465967,8.775523,1
3.393415,7.144801,1
2.419639,4.864742,1
3.564892,4.041959,1
8.275968,1.18093,-1
3.045408,1.968251,-1
4.21548,1.935673,-1
2.62811,7.903258,1
2.795691,4.916288,1
8.356065,2.117787,-1
0.497268,3.965605,1
1.345051,2.02109,1
4.731114,9.631706,1
7.881229,9.324693,1
1.572668,0.106668,-1
5.60626,7.31991,1
2.499608,1.841367,-1
6.126086,4.998581,-1
9.352081,3.74647,-1
8.915316,2.417181,-1
5.401595,5.868412,1
2.819338,2.988288,1
0.113886,9.77343,1
1.128545,2.722604,1
4.629548,0.361911,-1
9.145607,2.480844,-1
6.360124,4.890203,-1
6.488705,4.652119,-1
9.835139,3.271245,-1
0.904032,2.908253,1
0.428118,5.326569,1
3.684611,3.470996,-1
0.9899,3.182484,1
2.9747,1.113417,-1
4.583993,9.60484,1
9.429539,2.004387,-1
4.192479,1.483652,-1
2.072025,7.481852,1
3.108118,6.767249,1
0.684081,9.246127,1
1.082968,4.867402,1
5.826673,5.721422,-1
8.813392,6.004725,-1
9.795295,4.801936,-1
3.929852,8.382948,1
1.367576,5.657756,1
5.458573,9.24346,1
6.094847,3.797049,-1
5.38066,3.891502,-1
3.676443,1.188533,-1
5.074488,4.064746,-1
6.87373,0.007433,-1
3.893232,2.292102,-1
0.668174,6.349977,1
1.745364,6.819203,1
4.276068,9.105788,1
3.025601,4.63611,1
4.816654,8.073077,1
5.969876,0.218724,-1
2.64044,4.728675,1
6.895308,7.426279,1
0.00143,1.547981,1
7.293965,6.744814,-1
3.341014,1.175233,-1
7.29108,4.491564,-1
9.761917,5.82303,-1
0.549783,2.149824,1
8.116648,1.371557,-1
2.403043,9.290034,1
6.761463,2.112643,-1
9.69277,0.430373,-1
0.819122,6.205227,1
1.747911,5.12821,1
1.618306,7.397236,1
3.044706,0.495427,-1
4.836025,9.862634,1
7.327098,7.271485,-1
4.032924,4.479794,1
2.639889,5.039218,1
7.560379,5.139811,-1
8.872756,2.407006,-1
6.809605,1.462893,-1
8.421427,5.072269,-1
5.66853,3.124792,-1
4.030806,3.239751,-1
1.184744,3.827666,1
7.808886,0.450607,-1
7.255405,8.42425,1
4.576599,2.430823,-1
4.584409,5.868778,1
2.406484,8.142279,1
1.567649,1.777029,1
9.723381,0.246962,-1
6.212796,7.037493,1
7.510642,0.090995,-1
9.898299,9.224079,-1
2.451773,6.310863,1
6.345288,5.939441,-1
5.172278,1.105116,-1
7.647321,8.500299,1
8.452701,0.680907,-1
1.818351,7.248524,1
4.098381,7.331281,1
5.970565,5.642698,-1
2.581343,7.560393,1
4.666043,4.146882,-1
1.154745,3.733404,1
1.487483,6.572852,1
3.133629,0.984165,-1
5.467414,0.103406,-1
0.29306,1.600832,1
3.751672,0.911187,-1
