10 0.975 0.014 0.011 
20 0.971 0.015 0.014 
30 0.971 0.015 0.014 
40 0.973 0.013 0.014 
50 0.973 0.013 0.014 
60 0.973 0.013 0.014 
70 0.974 0.013 0.013 
80 0.973 0.014 0.013 
90 0.973 0.014 0.013 
100 0.972 0.015 0.013 
110 0.972 0.016 0.012 
120 0.974 0.015 0.011 
130 0.974 0.015 0.011 
140 0.975 0.014 0.011 
150 0.974 0.015 0.011 
160 0.974 0.015 0.011 
170 0.975 0.014 0.011 
180 0.976 0.014 0.01 
190 0.975 0.015 0.01 
200 0.976 0.014 0.01 
210 0.975 0.015 0.01 
220 0.975 0.015 0.01 
230 0.974 0.015 0.011 
240 0.977 0.013 0.01 
250 0.975 0.014 0.011 
260 0.974 0.015 0.011 
270 0.973 0.015 0.012 
280 0.973 0.015 0.012 
290 0.975 0.015 0.01 
300 0.974 0.015 0.011 
310 0.974 0.015 0.011 
320 0.974 0.015 0.011 
330 0.974 0.015 0.011 
340 0.974 0.015 0.011 
350 0.974 0.015 0.011 
360 0.974 0.015 0.011 
370 0.974 0.015 0.011 
380 0.974 0.015 0.011 
390 0.974 0.015 0.011 
400 0.975 0.014 0.011 
410 0.975 0.014 0.011 
420 0.975 0.014 0.011 
430 0.975 0.014 0.011 
440 0.975 0.014 0.011 
450 0.975 0.014 0.011 
460 0.975 0.014 0.011 
470 0.975 0.014 0.011 
480 0.975 0.014 0.011 
490 0.975 0.014 0.011 
500 0.975 0.014 0.011 
510 0.975 0.014 0.011 
520 0.975 0.014 0.011 
530 0.975 0.014 0.011 
540 0.975 0.014 0.011 
550 0.975 0.014 0.011 
560 0.975 0.014 0.011 
570 0.975 0.014 0.011 
580 0.975 0.014 0.011 
590 0.975 0.014 0.011 
600 0.975 0.014 0.011 
610 0.975 0.014 0.011 
620 0.975 0.014 0.011 
630 0.975 0.014 0.011 
640 0.975 0.014 0.011 
650 0.975 0.014 0.011 
660 0.974 0.015 0.011 
670 0.975 0.014 0.011 
680 0.975 0.014 0.011 
690 0.975 0.014 0.011 
700 0.975 0.014 0.011 
710 0.975 0.014 0.011 
720 0.975 0.014 0.011 
730 0.975 0.014 0.011 
740 0.975 0.014 0.011 
750 0.975 0.014 0.011 
760 0.975 0.014 0.011 
770 0.975 0.014 0.011 
780 0.975 0.014 0.011 
790 0.975 0.014 0.011 
800 0.975 0.014 0.011 
810 0.975 0.014 0.011 
820 0.975 0.014 0.011 
830 0.975 0.014 0.011 
840 0.975 0.014 0.011 
850 0.975 0.014 0.011 
860 0.975 0.014 0.011 
870 0.975 0.014 0.011 
880 0.975 0.014 0.011 
890 0.975 0.014 0.011 
900 0.975 0.014 0.011 
910 0.975 0.014 0.011 
920 0.975 0.014 0.011 
930 0.975 0.014 0.011 
940 0.975 0.014 0.011 
950 0.975 0.014 0.011 
960 0.975 0.014 0.011 
970 0.975 0.014 0.011 
980 0.975 0.014 0.011 
990 0.975 0.014 0.011 
1000 0.975 0.014 0.011 
