10 0.986 0.006 0.008 
20 0.984 0.004 0.012 
30 0.989 0.005 0.006 
40 0.988 0.007 0.005 
50 0.988 0.007 0.005 
60 0.988 0.007 0.005 
70 0.987 0.008 0.005 
80 0.987 0.008 0.005 
90 0.987 0.008 0.005 
100 0.987 0.008 0.005 
110 0.987 0.008 0.005 
120 0.986 0.009 0.005 
130 0.987 0.008 0.005 
140 0.986 0.009 0.005 
150 0.986 0.009 0.005 
160 0.987 0.008 0.005 
170 0.987 0.008 0.005 
180 0.986 0.009 0.005 
190 0.985 0.01 0.005 
200 0.986 0.009 0.005 
210 0.986 0.009 0.005 
220 0.985 0.01 0.005 
230 0.985 0.01 0.005 
240 0.986 0.009 0.005 
250 0.986 0.009 0.005 
260 0.986 0.009 0.005 
270 0.986 0.009 0.005 
280 0.986 0.009 0.005 
290 0.986 0.009 0.005 
300 0.986 0.009 0.005 
310 0.986 0.009 0.005 
320 0.986 0.009 0.005 
330 0.986 0.009 0.005 
340 0.986 0.009 0.005 
350 0.986 0.009 0.005 
360 0.986 0.009 0.005 
370 0.986 0.009 0.005 
380 0.986 0.009 0.005 
390 0.986 0.009 0.005 
400 0.986 0.009 0.005 
410 0.986 0.009 0.005 
420 0.986 0.009 0.005 
430 0.986 0.009 0.005 
440 0.986 0.009 0.005 
450 0.986 0.009 0.005 
460 0.986 0.009 0.005 
470 0.986 0.009 0.005 
480 0.986 0.009 0.005 
490 0.986 0.009 0.005 
500 0.985 0.01 0.005 
510 0.985 0.01 0.005 
520 0.985 0.01 0.005 
530 0.985 0.01 0.005 
540 0.985 0.01 0.005 
550 0.985 0.01 0.005 
560 0.985 0.01 0.005 
570 0.985 0.01 0.005 
580 0.985 0.01 0.005 
590 0.985 0.01 0.005 
600 0.985 0.01 0.005 
610 0.985 0.01 0.005 
620 0.985 0.01 0.005 
630 0.985 0.01 0.005 
640 0.985 0.01 0.005 
650 0.985 0.01 0.005 
660 0.985 0.01 0.005 
670 0.985 0.01 0.005 
680 0.985 0.01 0.005 
690 0.985 0.01 0.005 
700 0.985 0.01 0.005 
710 0.986 0.009 0.005 
720 0.986 0.009 0.005 
730 0.986 0.009 0.005 
740 0.986 0.009 0.005 
750 0.986 0.009 0.005 
760 0.986 0.009 0.005 
770 0.986 0.009 0.005 
780 0.986 0.009 0.005 
790 0.986 0.009 0.005 
800 0.986 0.009 0.005 
810 0.986 0.009 0.005 
820 0.986 0.009 0.005 
830 0.986 0.009 0.005 
840 0.986 0.009 0.005 
850 0.986 0.009 0.005 
860 0.986 0.009 0.005 
870 0.986 0.009 0.005 
880 0.986 0.009 0.005 
890 0.986 0.009 0.005 
900 0.986 0.009 0.005 
910 0.986 0.009 0.005 
920 0.986 0.009 0.005 
930 0.986 0.009 0.005 
940 0.986 0.009 0.005 
950 0.986 0.009 0.005 
960 0.986 0.009 0.005 
970 0.986 0.009 0.005 
980 0.986 0.009 0.005 
990 0.986 0.009 0.005 
1000 0.986 0.009 0.005 
