10 0.98 0.012 0.008 
20 0.987 0.007 0.006 
30 0.989 0.004 0.007 
40 0.986 0.004 0.01 
50 0.989 0.004 0.007 
60 0.989 0.004 0.007 
70 0.989 0.004 0.007 
80 0.989 0.004 0.007 
90 0.989 0.004 0.007 
100 0.989 0.004 0.007 
110 0.988 0.004 0.008 
120 0.988 0.004 0.008 
130 0.989 0.004 0.007 
140 0.989 0.004 0.007 
150 0.989 0.004 0.007 
160 0.989 0.004 0.007 
170 0.989 0.004 0.007 
180 0.989 0.004 0.007 
190 0.988 0.005 0.007 
200 0.988 0.005 0.007 
210 0.989 0.004 0.007 
220 0.989 0.004 0.007 
230 0.99 0.004 0.006 
240 0.989 0.004 0.007 
250 0.99 0.004 0.006 
260 0.99 0.004 0.006 
270 0.99 0.004 0.006 
280 0.989 0.004 0.007 
290 0.989 0.004 0.007 
300 0.989 0.004 0.007 
310 0.989 0.004 0.007 
320 0.989 0.004 0.007 
330 0.989 0.004 0.007 
340 0.989 0.004 0.007 
350 0.989 0.004 0.007 
360 0.989 0.004 0.007 
370 0.989 0.004 0.007 
380 0.989 0.004 0.007 
390 0.989 0.004 0.007 
400 0.989 0.004 0.007 
410 0.989 0.004 0.007 
420 0.989 0.004 0.007 
430 0.989 0.004 0.007 
440 0.989 0.004 0.007 
450 0.989 0.004 0.007 
460 0.989 0.004 0.007 
470 0.989 0.004 0.007 
480 0.989 0.004 0.007 
490 0.989 0.004 0.007 
500 0.989 0.004 0.007 
510 0.989 0.004 0.007 
520 0.989 0.004 0.007 
530 0.989 0.004 0.007 
540 0.989 0.004 0.007 
550 0.989 0.004 0.007 
560 0.989 0.004 0.007 
570 0.989 0.004 0.007 
580 0.989 0.004 0.007 
590 0.989 0.004 0.007 
600 0.989 0.004 0.007 
610 0.989 0.004 0.007 
620 0.989 0.004 0.007 
630 0.989 0.004 0.007 
640 0.989 0.004 0.007 
650 0.989 0.004 0.007 
660 0.989 0.004 0.007 
670 0.989 0.004 0.007 
680 0.989 0.004 0.007 
690 0.989 0.004 0.007 
700 0.989 0.004 0.007 
710 0.989 0.004 0.007 
720 0.989 0.004 0.007 
730 0.989 0.004 0.007 
740 0.989 0.004 0.007 
750 0.989 0.004 0.007 
760 0.989 0.004 0.007 
770 0.989 0.004 0.007 
780 0.989 0.004 0.007 
790 0.989 0.004 0.007 
800 0.989 0.004 0.007 
810 0.989 0.004 0.007 
820 0.989 0.004 0.007 
830 0.989 0.004 0.007 
840 0.989 0.004 0.007 
850 0.989 0.004 0.007 
860 0.989 0.004 0.007 
870 0.989 0.004 0.007 
880 0.989 0.004 0.007 
890 0.989 0.004 0.007 
900 0.989 0.004 0.007 
910 0.989 0.004 0.007 
920 0.989 0.004 0.007 
930 0.989 0.004 0.007 
940 0.989 0.004 0.007 
950 0.989 0.004 0.007 
960 0.989 0.004 0.007 
970 0.989 0.004 0.007 
980 0.989 0.004 0.007 
990 0.989 0.004 0.007 
1000 0.989 0.004 0.007 
