10 0.981 0.01 0.019 
20 0.981 0.012 0.019 
30 0.98 0.011 0.02 
40 0.98 0.01 0.02 
50 0.98 0.01 0.02 
60 0.981 0.01 0.019 
70 0.98 0.01 0.02 
80 0.98 0.01 0.02 
90 0.98 0.01 0.02 
100 0.98 0.01 0.02 
110 0.98 0.01 0.02 
120 0.98 0.011 0.02 
130 0.979 0.011 0.021 
140 0.98 0.012 0.02 
150 0.979 0.012 0.021 
160 0.979 0.012 0.021 
170 0.979 0.012 0.021 
180 0.979 0.012 0.021 
190 0.979 0.012 0.021 
200 0.979 0.012 0.021 
210 0.979 0.012 0.021 
220 0.979 0.012 0.021 
230 0.979 0.012 0.021 
240 0.979 0.012 0.021 
250 0.979 0.012 0.021 
260 0.979 0.012 0.021 
270 0.979 0.012 0.021 
280 0.979 0.012 0.021 
290 0.979 0.012 0.021 
300 0.979 0.012 0.021 
310 0.979 0.012 0.021 
320 0.979 0.012 0.021 
330 0.979 0.012 0.021 
340 0.979 0.012 0.021 
350 0.979 0.012 0.021 
360 0.979 0.012 0.021 
370 0.979 0.012 0.021 
380 0.979 0.012 0.021 
390 0.979 0.012 0.021 
400 0.979 0.012 0.021 
410 0.979 0.012 0.021 
420 0.979 0.012 0.021 
430 0.979 0.012 0.021 
440 0.979 0.012 0.021 
450 0.979 0.012 0.021 
460 0.979 0.012 0.021 
470 0.979 0.012 0.021 
480 0.979 0.012 0.021 
490 0.979 0.012 0.021 
500 0.979 0.012 0.021 
510 0.979 0.012 0.021 
520 0.979 0.012 0.021 
530 0.979 0.012 0.021 
540 0.979 0.012 0.021 
550 0.979 0.012 0.021 
560 0.979 0.012 0.021 
570 0.979 0.012 0.021 
580 0.979 0.012 0.021 
590 0.979 0.012 0.021 
600 0.979 0.012 0.021 
610 0.979 0.012 0.021 
620 0.979 0.012 0.021 
630 0.979 0.012 0.021 
640 0.979 0.012 0.021 
650 0.979 0.012 0.021 
660 0.979 0.012 0.021 
670 0.979 0.012 0.021 
680 0.979 0.012 0.021 
690 0.979 0.012 0.021 
700 0.979 0.012 0.021 
710 0.979 0.012 0.021 
720 0.979 0.012 0.021 
730 0.979 0.012 0.021 
740 0.979 0.012 0.021 
750 0.979 0.012 0.021 
760 0.979 0.012 0.021 
770 0.979 0.012 0.021 
780 0.979 0.012 0.021 
790 0.979 0.012 0.021 
800 0.979 0.012 0.021 
810 0.979 0.012 0.021 
820 0.979 0.012 0.021 
830 0.979 0.012 0.021 
840 0.979 0.012 0.021 
850 0.979 0.012 0.021 
860 0.979 0.012 0.021 
870 0.979 0.012 0.021 
880 0.979 0.012 0.021 
890 0.979 0.012 0.021 
900 0.979 0.012 0.021 
910 0.979 0.012 0.021 
920 0.979 0.012 0.021 
930 0.979 0.012 0.021 
940 0.979 0.012 0.021 
950 0.979 0.012 0.021 
960 0.979 0.012 0.021 
970 0.979 0.012 0.021 
980 0.979 0.012 0.021 
990 0.979 0.012 0.021 
1000 0.979 0.012 0.021 
