10 0.978 0.009 0.013 
20 0.979 0.005 0.016 
30 0.977 0.006 0.017 
40 0.979 0.004 0.017 
50 0.974 0.005 0.021 
60 0.976 0.007 0.017 
70 0.976 0.006 0.018 
80 0.976 0.007 0.017 
90 0.975 0.008 0.017 
100 0.975 0.008 0.017 
110 0.975 0.008 0.017 
120 0.974 0.008 0.018 
130 0.974 0.008 0.018 
140 0.974 0.008 0.018 
150 0.974 0.008 0.018 
160 0.974 0.008 0.018 
170 0.974 0.008 0.018 
180 0.974 0.008 0.018 
190 0.974 0.008 0.018 
200 0.974 0.008 0.018 
210 0.974 0.008 0.018 
220 0.974 0.008 0.018 
230 0.974 0.008 0.018 
240 0.974 0.008 0.018 
250 0.974 0.008 0.018 
260 0.974 0.008 0.018 
270 0.974 0.008 0.018 
280 0.974 0.008 0.018 
290 0.974 0.008 0.018 
300 0.974 0.008 0.018 
310 0.974 0.008 0.018 
320 0.974 0.008 0.018 
330 0.974 0.008 0.018 
340 0.974 0.008 0.018 
350 0.974 0.008 0.018 
360 0.974 0.008 0.018 
370 0.974 0.008 0.018 
380 0.974 0.008 0.018 
390 0.974 0.008 0.018 
400 0.974 0.008 0.018 
410 0.974 0.008 0.018 
420 0.974 0.008 0.018 
430 0.974 0.008 0.018 
440 0.974 0.008 0.018 
450 0.974 0.008 0.018 
460 0.974 0.008 0.018 
470 0.974 0.008 0.018 
480 0.974 0.008 0.018 
490 0.974 0.008 0.018 
500 0.974 0.008 0.018 
510 0.974 0.008 0.018 
520 0.974 0.008 0.018 
530 0.974 0.008 0.018 
540 0.974 0.008 0.018 
550 0.974 0.008 0.018 
560 0.974 0.008 0.018 
570 0.974 0.008 0.018 
580 0.974 0.008 0.018 
590 0.974 0.008 0.018 
600 0.974 0.008 0.018 
610 0.974 0.008 0.018 
620 0.974 0.008 0.018 
630 0.974 0.008 0.018 
640 0.974 0.008 0.018 
650 0.974 0.008 0.018 
660 0.974 0.008 0.018 
670 0.974 0.008 0.018 
680 0.974 0.008 0.018 
690 0.974 0.008 0.018 
700 0.974 0.008 0.018 
710 0.974 0.008 0.018 
720 0.974 0.008 0.018 
730 0.974 0.008 0.018 
740 0.974 0.008 0.018 
750 0.974 0.008 0.018 
760 0.974 0.008 0.018 
770 0.974 0.008 0.018 
780 0.974 0.008 0.018 
790 0.974 0.008 0.018 
800 0.974 0.008 0.018 
810 0.974 0.008 0.018 
820 0.974 0.008 0.018 
830 0.974 0.008 0.018 
840 0.974 0.008 0.018 
850 0.974 0.008 0.018 
860 0.974 0.008 0.018 
870 0.974 0.008 0.018 
880 0.974 0.008 0.018 
890 0.974 0.008 0.018 
900 0.974 0.008 0.018 
910 0.974 0.008 0.018 
920 0.974 0.008 0.018 
930 0.974 0.008 0.018 
940 0.974 0.008 0.018 
950 0.974 0.008 0.018 
960 0.974 0.008 0.018 
970 0.974 0.008 0.018 
980 0.974 0.008 0.018 
990 0.974 0.008 0.018 
1000 0.974 0.008 0.018 
