10 0.982 0.011 0.007 
20 0.98 0.012 0.008 
30 0.979 0.013 0.008 
40 0.979 0.013 0.008 
50 0.98 0.013 0.007 
60 0.979 0.013 0.008 
70 0.98 0.013 0.007 
80 0.98 0.013 0.007 
90 0.979 0.013 0.008 
100 0.979 0.013 0.008 
110 0.979 0.013 0.008 
120 0.979 0.013 0.008 
130 0.979 0.013 0.008 
140 0.979 0.013 0.008 
150 0.979 0.013 0.008 
160 0.979 0.013 0.008 
170 0.979 0.013 0.008 
180 0.979 0.013 0.008 
190 0.979 0.013 0.008 
200 0.979 0.013 0.008 
210 0.979 0.013 0.008 
220 0.979 0.013 0.008 
230 0.979 0.013 0.008 
240 0.979 0.013 0.008 
250 0.979 0.013 0.008 
260 0.979 0.013 0.008 
270 0.979 0.013 0.008 
280 0.979 0.013 0.008 
290 0.979 0.013 0.008 
300 0.979 0.013 0.008 
310 0.979 0.013 0.008 
320 0.979 0.013 0.008 
330 0.979 0.013 0.008 
340 0.979 0.013 0.008 
350 0.979 0.013 0.008 
360 0.979 0.013 0.008 
370 0.979 0.013 0.008 
380 0.979 0.013 0.008 
390 0.979 0.013 0.008 
400 0.979 0.013 0.008 
410 0.979 0.013 0.008 
420 0.979 0.013 0.008 
430 0.979 0.013 0.008 
440 0.979 0.013 0.008 
450 0.979 0.013 0.008 
460 0.979 0.013 0.008 
470 0.979 0.013 0.008 
480 0.979 0.013 0.008 
490 0.979 0.013 0.008 
500 0.979 0.013 0.008 
510 0.979 0.013 0.008 
520 0.979 0.013 0.008 
530 0.979 0.013 0.008 
540 0.979 0.013 0.008 
550 0.979 0.013 0.008 
560 0.979 0.013 0.008 
570 0.979 0.013 0.008 
580 0.979 0.013 0.008 
590 0.979 0.013 0.008 
600 0.979 0.013 0.008 
610 0.979 0.013 0.008 
620 0.979 0.013 0.008 
630 0.979 0.013 0.008 
640 0.979 0.013 0.008 
650 0.979 0.013 0.008 
660 0.979 0.013 0.008 
670 0.979 0.013 0.008 
680 0.979 0.013 0.008 
690 0.979 0.013 0.008 
700 0.979 0.013 0.008 
710 0.979 0.013 0.008 
720 0.979 0.013 0.008 
730 0.979 0.013 0.008 
740 0.979 0.013 0.008 
750 0.979 0.013 0.008 
760 0.979 0.013 0.008 
770 0.979 0.013 0.008 
780 0.979 0.013 0.008 
790 0.979 0.013 0.008 
800 0.979 0.013 0.008 
810 0.979 0.013 0.008 
820 0.979 0.013 0.008 
830 0.979 0.013 0.008 
840 0.979 0.013 0.008 
850 0.979 0.013 0.008 
860 0.979 0.013 0.008 
870 0.979 0.013 0.008 
880 0.979 0.013 0.008 
890 0.979 0.013 0.008 
900 0.979 0.013 0.008 
910 0.979 0.013 0.008 
920 0.979 0.013 0.008 
930 0.979 0.013 0.008 
940 0.979 0.013 0.008 
950 0.979 0.013 0.008 
960 0.979 0.013 0.008 
970 0.979 0.013 0.008 
980 0.979 0.013 0.008 
990 0.979 0.013 0.008 
1000 0.979 0.013 0.008 
