10 0.972 0.024 0.028 
20 0.976 0.024 0.024 
30 0.976 0.024 0.024 
40 0.975 0.027 0.025 
50 0.975 0.025 0.025 
60 0.974 0.025 0.026 
70 0.976 0.025 0.024 
80 0.975 0.025 0.025 
90 0.975 0.025 0.025 
100 0.974 0.025 0.026 
110 0.974 0.025 0.026 
120 0.973 0.025 0.027 
130 0.972 0.025 0.028 
140 0.972 0.025 0.028 
150 0.972 0.025 0.028 
160 0.972 0.025 0.028 
170 0.972 0.025 0.028 
180 0.972 0.025 0.028 
190 0.973 0.025 0.027 
200 0.973 0.025 0.027 
210 0.974 0.025 0.026 
220 0.973 0.025 0.027 
230 0.973 0.025 0.027 
240 0.973 0.025 0.027 
250 0.973 0.025 0.027 
260 0.973 0.025 0.027 
270 0.973 0.025 0.027 
280 0.973 0.025 0.027 
290 0.973 0.025 0.027 
300 0.973 0.025 0.027 
310 0.973 0.025 0.027 
320 0.973 0.025 0.027 
330 0.973 0.025 0.027 
340 0.973 0.025 0.027 
350 0.973 0.025 0.027 
360 0.973 0.025 0.027 
370 0.973 0.025 0.027 
380 0.973 0.025 0.027 
390 0.973 0.025 0.027 
400 0.973 0.025 0.027 
410 0.973 0.025 0.027 
420 0.973 0.025 0.027 
430 0.973 0.025 0.027 
440 0.973 0.025 0.027 
450 0.973 0.025 0.027 
460 0.973 0.025 0.027 
470 0.973 0.025 0.027 
480 0.973 0.025 0.027 
490 0.973 0.025 0.027 
500 0.973 0.025 0.027 
510 0.973 0.025 0.027 
520 0.973 0.025 0.027 
530 0.973 0.025 0.027 
540 0.973 0.025 0.027 
550 0.973 0.025 0.027 
560 0.973 0.025 0.027 
570 0.973 0.025 0.027 
580 0.973 0.025 0.027 
590 0.973 0.025 0.027 
600 0.973 0.025 0.027 
610 0.973 0.025 0.027 
620 0.973 0.025 0.027 
630 0.973 0.025 0.027 
640 0.973 0.025 0.027 
650 0.973 0.025 0.027 
660 0.973 0.025 0.027 
670 0.973 0.025 0.027 
680 0.973 0.025 0.027 
690 0.973 0.025 0.027 
700 0.973 0.025 0.027 
710 0.973 0.025 0.027 
720 0.973 0.025 0.027 
730 0.973 0.025 0.027 
740 0.973 0.025 0.027 
750 0.973 0.025 0.027 
760 0.973 0.025 0.027 
770 0.973 0.025 0.027 
780 0.973 0.025 0.027 
790 0.973 0.025 0.027 
800 0.973 0.025 0.027 
810 0.973 0.025 0.027 
820 0.973 0.025 0.027 
830 0.973 0.025 0.027 
840 0.973 0.025 0.027 
850 0.973 0.025 0.027 
860 0.973 0.025 0.027 
870 0.973 0.025 0.027 
880 0.973 0.025 0.027 
890 0.973 0.025 0.027 
900 0.973 0.025 0.027 
910 0.973 0.025 0.027 
920 0.973 0.025 0.027 
930 0.973 0.025 0.027 
940 0.973 0.025 0.027 
950 0.973 0.025 0.027 
960 0.973 0.025 0.027 
970 0.973 0.025 0.027 
980 0.973 0.025 0.027 
990 0.973 0.025 0.027 
1000 0.973 0.025 0.027 
