10 0.957 0.017 0.026 
20 0.955 0.018 0.027 
30 0.957 0.014 0.029 
40 0.962 0.013 0.025 
50 0.964 0.012 0.024 
60 0.963 0.013 0.024 
70 0.962 0.013 0.025 
80 0.963 0.012 0.025 
90 0.962 0.013 0.025 
100 0.962 0.013 0.025 
110 0.964 0.011 0.025 
120 0.962 0.013 0.025 
130 0.963 0.012 0.025 
140 0.963 0.012 0.025 
150 0.963 0.011 0.026 
160 0.961 0.013 0.026 
170 0.963 0.012 0.025 
180 0.961 0.014 0.025 
190 0.962 0.014 0.024 
200 0.963 0.013 0.024 
210 0.961 0.015 0.024 
220 0.961 0.015 0.024 
230 0.961 0.015 0.024 
240 0.961 0.015 0.024 
250 0.961 0.015 0.024 
260 0.961 0.015 0.024 
270 0.961 0.015 0.024 
280 0.962 0.014 0.024 
290 0.961 0.015 0.024 
300 0.962 0.014 0.024 
310 0.962 0.014 0.024 
320 0.962 0.014 0.024 
330 0.962 0.014 0.024 
340 0.962 0.014 0.024 
350 0.962 0.014 0.024 
360 0.962 0.014 0.024 
370 0.962 0.014 0.024 
380 0.962 0.014 0.024 
390 0.962 0.014 0.024 
400 0.963 0.013 0.024 
410 0.963 0.013 0.024 
420 0.963 0.013 0.024 
430 0.963 0.013 0.024 
440 0.963 0.013 0.024 
450 0.963 0.013 0.024 
460 0.963 0.013 0.024 
470 0.963 0.013 0.024 
480 0.963 0.013 0.024 
490 0.963 0.013 0.024 
500 0.963 0.013 0.024 
510 0.963 0.013 0.024 
520 0.963 0.013 0.024 
530 0.963 0.013 0.024 
540 0.963 0.013 0.024 
550 0.963 0.013 0.024 
560 0.963 0.013 0.024 
570 0.963 0.013 0.024 
580 0.963 0.013 0.024 
590 0.963 0.013 0.024 
600 0.963 0.013 0.024 
610 0.963 0.013 0.024 
620 0.963 0.013 0.024 
630 0.963 0.013 0.024 
640 0.963 0.013 0.024 
650 0.964 0.012 0.024 
660 0.964 0.012 0.024 
670 0.963 0.013 0.024 
680 0.963 0.013 0.024 
690 0.963 0.013 0.024 
700 0.963 0.013 0.024 
710 0.963 0.013 0.024 
720 0.963 0.013 0.024 
730 0.963 0.013 0.024 
740 0.962 0.014 0.024 
750 0.962 0.014 0.024 
760 0.962 0.014 0.024 
770 0.962 0.014 0.024 
780 0.962 0.014 0.024 
790 0.962 0.014 0.024 
800 0.962 0.014 0.024 
810 0.962 0.014 0.024 
820 0.963 0.013 0.024 
830 0.963 0.013 0.024 
840 0.963 0.013 0.024 
850 0.963 0.013 0.024 
860 0.963 0.013 0.024 
870 0.963 0.013 0.024 
880 0.963 0.013 0.024 
890 0.964 0.012 0.024 
900 0.964 0.012 0.024 
910 0.964 0.012 0.024 
920 0.964 0.012 0.024 
930 0.964 0.012 0.024 
940 0.964 0.012 0.024 
950 0.964 0.012 0.024 
960 0.964 0.012 0.024 
970 0.964 0.012 0.024 
980 0.964 0.012 0.024 
990 0.964 0.012 0.024 
1000 0.964 0.012 0.024 
