10 0.952 0.024 0.024 
20 0.951 0.024 0.025 
30 0.948 0.026 0.026 
40 0.95 0.022 0.028 
50 0.949 0.024 0.027 
60 0.949 0.025 0.026 
70 0.949 0.025 0.026 
80 0.95 0.025 0.025 
90 0.95 0.026 0.024 
100 0.951 0.024 0.025 
110 0.949 0.025 0.026 
120 0.949 0.025 0.026 
130 0.949 0.025 0.026 
140 0.949 0.025 0.026 
150 0.949 0.025 0.026 
160 0.949 0.025 0.026 
170 0.949 0.025 0.026 
180 0.949 0.025 0.026 
190 0.949 0.025 0.026 
200 0.949 0.025 0.026 
210 0.949 0.025 0.026 
220 0.949 0.025 0.026 
230 0.949 0.025 0.026 
240 0.949 0.025 0.026 
250 0.949 0.025 0.026 
260 0.949 0.025 0.026 
270 0.949 0.025 0.026 
280 0.949 0.025 0.026 
290 0.949 0.025 0.026 
300 0.949 0.025 0.026 
310 0.949 0.025 0.026 
320 0.949 0.025 0.026 
330 0.949 0.025 0.026 
340 0.949 0.025 0.026 
350 0.949 0.025 0.026 
360 0.949 0.025 0.026 
370 0.949 0.025 0.026 
380 0.949 0.025 0.026 
390 0.949 0.025 0.026 
400 0.949 0.025 0.026 
410 0.949 0.025 0.026 
420 0.949 0.025 0.026 
430 0.949 0.025 0.026 
440 0.949 0.025 0.026 
450 0.949 0.025 0.026 
460 0.949 0.025 0.026 
470 0.949 0.025 0.026 
480 0.949 0.025 0.026 
490 0.949 0.025 0.026 
500 0.949 0.025 0.026 
510 0.949 0.025 0.026 
520 0.949 0.025 0.026 
530 0.949 0.025 0.026 
540 0.949 0.025 0.026 
550 0.949 0.025 0.026 
560 0.949 0.025 0.026 
570 0.949 0.025 0.026 
580 0.949 0.025 0.026 
590 0.949 0.025 0.026 
600 0.949 0.025 0.026 
610 0.949 0.025 0.026 
620 0.949 0.025 0.026 
630 0.949 0.025 0.026 
640 0.949 0.025 0.026 
650 0.949 0.025 0.026 
660 0.949 0.025 0.026 
670 0.949 0.025 0.026 
680 0.949 0.025 0.026 
690 0.949 0.025 0.026 
700 0.949 0.025 0.026 
710 0.949 0.025 0.026 
720 0.949 0.025 0.026 
730 0.949 0.025 0.026 
740 0.949 0.025 0.026 
750 0.949 0.025 0.026 
760 0.949 0.025 0.026 
770 0.949 0.025 0.026 
780 0.949 0.025 0.026 
790 0.949 0.025 0.026 
800 0.949 0.025 0.026 
810 0.949 0.025 0.026 
820 0.949 0.025 0.026 
830 0.949 0.025 0.026 
840 0.949 0.025 0.026 
850 0.949 0.025 0.026 
860 0.949 0.025 0.026 
870 0.949 0.025 0.026 
880 0.949 0.025 0.026 
890 0.949 0.025 0.026 
900 0.949 0.025 0.026 
910 0.949 0.025 0.026 
920 0.949 0.025 0.026 
930 0.949 0.025 0.026 
940 0.949 0.025 0.026 
950 0.949 0.025 0.026 
960 0.949 0.025 0.026 
970 0.949 0.025 0.026 
980 0.949 0.025 0.026 
990 0.949 0.025 0.026 
1000 0.949 0.025 0.026 
