10 0.976 0.024 0.024 
20 0.979 0.025 0.021 
30 0.978 0.025 0.022 
40 0.977 0.024 0.023 
50 0.978 0.021 0.022 
60 0.977 0.023 0.023 
70 0.979 0.022 0.021 
80 0.98 0.022 0.02 
90 0.98 0.024 0.02 
100 0.98 0.024 0.02 
110 0.98 0.024 0.02 
120 0.98 0.024 0.02 
130 0.98 0.023 0.02 
140 0.98 0.024 0.02 
150 0.98 0.023 0.02 
160 0.98 0.024 0.02 
170 0.98 0.024 0.02 
180 0.98 0.024 0.02 
190 0.979 0.024 0.021 
200 0.979 0.024 0.021 
210 0.979 0.024 0.021 
220 0.98 0.024 0.02 
230 0.98 0.024 0.02 
240 0.979 0.024 0.021 
250 0.979 0.024 0.021 
260 0.979 0.024 0.021 
270 0.979 0.024 0.021 
280 0.979 0.024 0.021 
290 0.979 0.024 0.021 
300 0.979 0.024 0.021 
310 0.979 0.024 0.021 
320 0.98 0.024 0.02 
330 0.979 0.024 0.021 
340 0.98 0.024 0.02 
350 0.98 0.024 0.02 
360 0.979 0.024 0.021 
370 0.979 0.024 0.021 
380 0.979 0.024 0.021 
390 0.979 0.024 0.021 
400 0.98 0.024 0.02 
410 0.98 0.024 0.02 
420 0.979 0.024 0.021 
430 0.979 0.024 0.021 
440 0.98 0.024 0.02 
450 0.979 0.024 0.021 
460 0.979 0.024 0.021 
470 0.98 0.024 0.02 
480 0.98 0.024 0.02 
490 0.98 0.024 0.02 
500 0.98 0.024 0.02 
510 0.98 0.024 0.02 
520 0.98 0.024 0.02 
530 0.979 0.024 0.021 
540 0.978 0.024 0.022 
550 0.978 0.024 0.022 
560 0.978 0.024 0.022 
570 0.978 0.024 0.022 
580 0.978 0.024 0.022 
590 0.978 0.024 0.022 
600 0.978 0.024 0.022 
610 0.978 0.024 0.022 
620 0.978 0.024 0.022 
630 0.978 0.024 0.022 
640 0.978 0.023 0.022 
650 0.978 0.023 0.022 
660 0.978 0.023 0.022 
670 0.978 0.023 0.022 
680 0.978 0.023 0.022 
690 0.978 0.023 0.022 
700 0.978 0.023 0.022 
710 0.978 0.023 0.022 
720 0.978 0.023 0.022 
730 0.978 0.023 0.022 
740 0.978 0.023 0.022 
750 0.978 0.023 0.022 
760 0.978 0.023 0.022 
770 0.978 0.023 0.022 
780 0.978 0.023 0.022 
790 0.978 0.023 0.022 
800 0.978 0.023 0.022 
810 0.978 0.023 0.022 
820 0.978 0.023 0.022 
830 0.978 0.023 0.022 
840 0.978 0.023 0.022 
850 0.978 0.023 0.022 
860 0.978 0.023 0.022 
870 0.978 0.023 0.022 
880 0.978 0.023 0.022 
890 0.978 0.023 0.022 
900 0.978 0.023 0.022 
910 0.978 0.023 0.022 
920 0.978 0.023 0.022 
930 0.978 0.023 0.022 
940 0.978 0.023 0.022 
950 0.978 0.023 0.022 
960 0.978 0.023 0.022 
970 0.978 0.023 0.022 
980 0.978 0.023 0.022 
990 0.978 0.023 0.022 
1000 0.978 0.023 0.022 
