10 0.986 0.006 0.008 
20 0.986 0.006 0.008 
30 0.987 0.005 0.008 
40 0.986 0.004 0.01 
50 0.986 0.005 0.009 
60 0.986 0.005 0.009 
70 0.986 0.006 0.008 
80 0.985 0.006 0.009 
90 0.985 0.006 0.009 
100 0.986 0.006 0.008 
110 0.985 0.006 0.009 
120 0.984 0.006 0.01 
130 0.985 0.006 0.009 
140 0.985 0.006 0.009 
150 0.986 0.005 0.009 
160 0.987 0.005 0.008 
170 0.986 0.006 0.008 
180 0.985 0.006 0.009 
190 0.985 0.006 0.009 
200 0.985 0.006 0.009 
210 0.985 0.006 0.009 
220 0.985 0.006 0.009 
230 0.985 0.006 0.009 
240 0.985 0.006 0.009 
250 0.986 0.006 0.008 
260 0.985 0.006 0.009 
270 0.986 0.006 0.008 
280 0.986 0.006 0.008 
290 0.986 0.006 0.008 
300 0.986 0.006 0.008 
310 0.986 0.006 0.008 
320 0.986 0.006 0.008 
330 0.986 0.006 0.008 
340 0.986 0.006 0.008 
350 0.986 0.006 0.008 
360 0.986 0.006 0.008 
370 0.986 0.006 0.008 
380 0.985 0.006 0.009 
390 0.985 0.006 0.009 
400 0.985 0.006 0.009 
410 0.985 0.006 0.009 
420 0.985 0.006 0.009 
430 0.985 0.006 0.009 
440 0.985 0.006 0.009 
450 0.985 0.006 0.009 
460 0.985 0.006 0.009 
470 0.985 0.006 0.009 
480 0.985 0.006 0.009 
490 0.985 0.006 0.009 
500 0.985 0.006 0.009 
510 0.985 0.006 0.009 
520 0.985 0.006 0.009 
530 0.985 0.006 0.009 
540 0.986 0.006 0.008 
550 0.985 0.006 0.009 
560 0.985 0.006 0.009 
570 0.986 0.006 0.008 
580 0.986 0.006 0.008 
590 0.986 0.006 0.008 
600 0.986 0.006 0.008 
610 0.986 0.006 0.008 
620 0.986 0.006 0.008 
630 0.986 0.006 0.008 
640 0.986 0.006 0.008 
650 0.986 0.006 0.008 
660 0.986 0.006 0.008 
670 0.986 0.006 0.008 
680 0.986 0.006 0.008 
690 0.985 0.006 0.009 
700 0.985 0.006 0.009 
710 0.985 0.006 0.009 
720 0.985 0.006 0.009 
730 0.985 0.006 0.009 
740 0.985 0.006 0.009 
750 0.985 0.006 0.009 
760 0.985 0.006 0.009 
770 0.985 0.006 0.009 
780 0.985 0.006 0.009 
790 0.985 0.006 0.009 
800 0.985 0.006 0.009 
810 0.985 0.006 0.009 
820 0.985 0.006 0.009 
830 0.985 0.006 0.009 
840 0.985 0.006 0.009 
850 0.985 0.006 0.009 
860 0.985 0.006 0.009 
870 0.985 0.006 0.009 
880 0.985 0.006 0.009 
890 0.985 0.006 0.009 
900 0.985 0.006 0.009 
910 0.985 0.006 0.009 
920 0.985 0.006 0.009 
930 0.985 0.006 0.009 
940 0.985 0.006 0.009 
950 0.985 0.006 0.009 
960 0.985 0.006 0.009 
970 0.985 0.006 0.009 
980 0.985 0.006 0.009 
990 0.985 0.006 0.009 
1000 0.985 0.006 0.009 
