10 0.993 0.019 0.007 
20 0.992 0.016 0.008 
30 0.992 0.017 0.008 
40 0.994 0.017 0.006 
50 0.993 0.015 0.007 
60 0.992 0.016 0.008 
70 0.992 0.016 0.008 
80 0.992 0.016 0.008 
90 0.992 0.016 0.008 
100 0.99 0.017 0.01 
110 0.991 0.017 0.009 
120 0.991 0.017 0.009 
130 0.99 0.017 0.01 
140 0.99 0.017 0.01 
150 0.99 0.017 0.01 
160 0.99 0.016 0.01 
170 0.988 0.016 0.012 
180 0.988 0.017 0.012 
190 0.989 0.017 0.011 
200 0.989 0.017 0.011 
210 0.989 0.016 0.011 
220 0.991 0.016 0.009 
230 0.99 0.016 0.01 
240 0.99 0.018 0.01 
250 0.989 0.017 0.011 
260 0.99 0.017 0.01 
270 0.991 0.017 0.009 
280 0.99 0.017 0.01 
290 0.99 0.017 0.01 
300 0.99 0.017 0.01 
310 0.99 0.017 0.01 
320 0.989 0.017 0.011 
330 0.991 0.017 0.009 
340 0.99 0.017 0.01 
350 0.99 0.017 0.01 
360 0.99 0.017 0.01 
370 0.99 0.017 0.01 
380 0.99 0.017 0.01 
390 0.989 0.017 0.011 
400 0.989 0.017 0.011 
410 0.989 0.017 0.011 
420 0.989 0.017 0.011 
430 0.99 0.017 0.01 
440 0.99 0.017 0.01 
450 0.99 0.017 0.01 
460 0.989 0.017 0.011 
470 0.988 0.017 0.012 
480 0.989 0.017 0.011 
490 0.988 0.017 0.012 
500 0.988 0.017 0.012 
510 0.988 0.017 0.012 
520 0.989 0.017 0.011 
530 0.989 0.017 0.011 
540 0.988 0.017 0.012 
550 0.989 0.017 0.011 
560 0.988 0.017 0.012 
570 0.988 0.017 0.012 
580 0.988 0.017 0.012 
590 0.987 0.017 0.013 
600 0.988 0.017 0.012 
610 0.988 0.017 0.012 
620 0.988 0.017 0.012 
630 0.988 0.017 0.012 
640 0.988 0.017 0.012 
650 0.988 0.017 0.012 
660 0.988 0.017 0.012 
670 0.988 0.017 0.012 
680 0.988 0.017 0.012 
690 0.988 0.017 0.012 
700 0.988 0.017 0.012 
710 0.988 0.017 0.012 
720 0.988 0.017 0.012 
730 0.988 0.017 0.012 
740 0.987 0.017 0.013 
750 0.987 0.017 0.013 
760 0.987 0.017 0.013 
770 0.987 0.017 0.013 
780 0.987 0.017 0.013 
790 0.987 0.017 0.013 
800 0.987 0.017 0.013 
810 0.987 0.017 0.013 
820 0.987 0.017 0.013 
830 0.987 0.017 0.013 
840 0.987 0.017 0.013 
850 0.987 0.017 0.013 
860 0.987 0.017 0.013 
870 0.987 0.017 0.013 
880 0.987 0.017 0.013 
890 0.987 0.017 0.013 
900 0.987 0.017 0.013 
910 0.987 0.017 0.013 
920 0.987 0.017 0.013 
930 0.987 0.017 0.013 
940 0.987 0.017 0.013 
950 0.987 0.017 0.013 
960 0.987 0.017 0.013 
970 0.988 0.017 0.012 
980 0.987 0.017 0.013 
990 0.987 0.018 0.013 
1000 0.987 0.017 0.013 
