10 0.81 0.0 0.19 
20 0.81 0.0 0.19 
30 0.81 0.0 0.19 
40 0.9188 0.0149 0.0812 
50 0.81 0.0 0.19 
60 0.81 0.0 0.19 
70 0.81 0.0 0.19 
80 0.81 0.0 0.19 
90 0.9041 0.0012 0.0959 
100 0.81 0.0 0.19 
110 0.81 0.0 0.19 
120 0.81 0.0 0.19 
130 0.899 0.0002 0.101 
140 0.8909 0.0001 0.1091 
150 0.8909 0.0001 0.1091 
160 0.8909 0.0001 0.1091 
170 0.8909 0.0001 0.1091 
180 0.896 0.0002 0.104 
190 0.8888 0.0 0.1112 
200 0.8888 0.0 0.1112 
210 0.8888 0.0 0.1112 
220 0.8888 0.0 0.1112 
230 0.8888 0.0 0.1112 
240 0.8888 0.0 0.1112 
250 0.8888 0.0 0.1112 
260 0.8888 0.0 0.1112 
270 0.8888 0.0 0.1112 
280 0.8888 0.0 0.1112 
290 0.8888 0.0 0.1112 
300 0.8888 0.0 0.1112 
310 0.8888 0.0 0.1112 
320 0.8888 0.0 0.1112 
330 0.8888 0.0 0.1112 
340 0.8888 0.0 0.1112 
350 0.9029 0.0003 0.0971 
360 0.9029 0.0003 0.0971 
370 0.9029 0.0003 0.0971 
380 0.8939 0.0001 0.1061 
390 0.8939 0.0001 0.1061 
400 0.8939 0.0001 0.1061 
410 0.8939 0.0001 0.1061 
420 0.8939 0.0001 0.1061 
430 0.8939 0.0001 0.1061 
440 0.8939 0.0001 0.1061 
450 0.8939 0.0001 0.1061 
460 0.8939 0.0001 0.1061 
470 0.8939 0.0001 0.1061 
480 0.8939 0.0001 0.1061 
490 0.8939 0.0001 0.1061 
500 0.8939 0.0001 0.1061 
510 0.9008 0.0002 0.0992 
520 0.9008 0.0002 0.0992 
530 0.8957 0.0001 0.1043 
540 0.9015 0.0002 0.0985 
550 0.9015 0.0002 0.0985 
560 0.8957 0.0001 0.1043 
570 0.8957 0.0001 0.1043 
580 0.8939 0.0001 0.1061 
590 0.8939 0.0001 0.1061 
600 0.8939 0.0001 0.1061 
610 0.8939 0.0001 0.1061 
620 0.8939 0.0001 0.1061 
630 0.8939 0.0001 0.1061 
640 0.8939 0.0001 0.1061 
650 0.8939 0.0001 0.1061 
660 0.8939 0.0001 0.1061 
670 0.8939 0.0001 0.1061 
680 0.8939 0.0001 0.1061 
690 0.8939 0.0001 0.1061 
700 0.8939 0.0001 0.1061 
710 0.8939 0.0001 0.1061 
720 0.8939 0.0001 0.1061 
730 0.8939 0.0001 0.1061 
740 0.8939 0.0001 0.1061 
750 0.8939 0.0287 0.1061 
760 0.8939 0.0287 0.1061 
770 0.8939 0.0287 0.1061 
780 0.8939 0.0287 0.1061 
790 0.8939 0.0287 0.1061 
800 0.8939 0.0287 0.1061 
810 0.8939 0.0287 0.1061 
820 0.8939 0.0287 0.1061 
830 0.8939 0.0287 0.1061 
840 0.8939 0.0287 0.1061 
850 0.8939 0.0287 0.1061 
860 0.8939 0.0287 0.1061 
870 0.8939 0.0287 0.1061 
880 0.8939 0.0287 0.1061 
890 0.8939 0.0287 0.1061 
900 0.8939 0.0287 0.1061 
910 0.8939 0.0287 0.1061 
920 0.8939 0.0287 0.1061 
930 0.8939 0.0287 0.1061 
940 0.8939 0.0287 0.1061 
950 0.8939 0.0287 0.1061 
960 0.8939 0.0287 0.1061 
970 0.8939 0.0287 0.1061 
980 0.8939 0.0287 0.1061 
990 0.8939 0.0287 0.1061 
1000 0.8939 0.0287 0.1061 
